100 71731
71731 26590
26590 59156
59156 224
224 71716
71716 48206
48206 71717
71717 26591
26591 71718
71718 143
143 71721
71721 48207
48207 71719
71719 71720
71720 71726
71726 142
142 71727
71727 35539
35539 141
141 71728
71728 140
140 35541
35541 71730
71730 71729
71729 35542
35542 195
195 35543
35543 35544
35544 71750
71750 35545
35545 139
139 138
138 71749
71749 48208
48208 35557
35557 71748
71748 36385
36385 71987
71987 137
137 71986
71986 71985
71985 71984
71984 35606
35606 35608
35608 136
136 71983
71983 71982
71982 250
