0 2
0 2
2 0
2 0
2 8
2 8
8 6
8 6
8 2
8 2
6 8
6 7
6 8
6 7
7 6
7 1
7 6
7 1
1 7
1 5
1 7
1 5
5 1
5 3
5 1
5 3
3 5
3 4
3 5
3 4
4 3
4 16
4 3
4 16
16 4
16 14
16 4
16 14
14 16
14 16
14 9
14 9
9 15
9 15
9 14
9 14
15 12
15 12
15 9
15 9
12 15
12 17
12 15
12 17
17 12
17 18
17 12
17 18
18 17
18 10
18 17
18 10
10 18
10 11
10 18
10 11
11 10
11 13
11 10
11 13
13 11
13 19
13 11
13 19
19 13
19 13
19 58
19 58
58 59
58 59
58 19
58 19
59 58
59 56
59 58
59 56
56 59
56 57
56 59
56 57
57 56
57 54
57 56
57 54
54 57
54 60
54 57
54 60
60 55
60 55
60 54
60 54
55 60
55 53
55 60
55 53
53 55
53 55
53 40
53 40
40 53
40 20
40 53
40 20
20 48
20 24
20 40
20 40
48 39
48 20
24 20
24 46
46 24
46 42
39 45
39 48
42 46
42 32
45 41
45 39
41 45
41 28
41 28
41 29
41 29
32 33
32 33
32 42
32 30
32 30
28 26
28 41
28 26
28 41
29 41
29 30
29 41
29 30
30 29
30 32
30 29
30 32
33 32
33 34
33 32
33 34
26 23
26 28
26 23
26 28
23 25
23 26
23 25
23 26
34 33
34 35
34 33
34 35
25 36
25 23
25 36
25 23
35 34
35 27
35 34
35 27
36 49
36 25
36 49
36 25
27 35
27 31
27 35
27 31
49 36
49 36
49 50
49 38
49 38
38 37
38 49
38 37
38 49
31 27
31 27
31 44
31 37
31 37
50 51
50 49
37 31
37 38
37 31
37 38
44 31
44 43
51 47
51 50
43 44
43 52
47 21
47 51
52 43
52 21
21 22
21 22
21 47
21 52
22 21
22 61
22 21
22 61
61 22
61 66
61 22
61 66
66 61
66 62
66 61
66 62
62 66
62 70
62 66
62 70
70 62
70 69
70 62
70 69
69 70
69 63
69 70
69 63
63 69
63 64
63 69
63 64
64 63
64 65
64 63
64 65
65 64
65 67
65 64
65 67
67 65
67 68
67 65
67 68
68 67
68 72
68 67
68 72
72 68
72 83
72 68
72 83
83 72
83 71
83 72
83 71
71 79
71 89
71 83
71 83
79 73
79 71
89 71
89 76
76 89
76 88
76 88
76 80
76 80
73 79
73 84
73 84
73 82
73 82
88 84
88 76
88 84
88 76
82 74
82 73
82 74
82 73
84 73
84 88
84 73
84 88
80 76
80 81
80 76
80 81
74 87
74 82
74 87
74 82
81 80
81 78
81 80
81 78
87 85
87 74
87 85
87 74
78 81
78 77
78 81
78 77
85 104
85 87
85 104
85 87
77 78
77 75
77 78
77 75
104 100
104 100
104 85
104 85
100 106
100 104
100 106
100 104
75 77
75 86
75 77
75 86
106 100
106 100
106 116
106 116
86 75
86 107
86 75
86 107
116 114
116 106
116 114
116 106
107 86
107 115
107 86
107 115
114 110
114 116
114 110
114 116
115 107
115 102
115 107
115 102
110 108
110 114
110 108
110 114
102 95
102 115
102 115
102 113
102 113
108 94
108 110
108 110
108 97
108 97
113 102
113 97
113 102
113 97
97 113
97 108
97 113
97 108
95 102
95 103
94 120
94 108
103 95
103 98
120 98
120 94
98 96
98 96
98 120
98 103
96 98
96 98
96 112
96 112
112 96
112 117
112 96
112 117
117 112
117 105
117 112
117 105
105 117
105 111
105 117
105 111
111 105
111 118
111 105
111 118
118 111
118 101
118 111
118 101
101 118
101 119
101 118
101 119
119 101
119 99
119 101
119 99
99 119
99 109
99 119
99 109
109 99
109 194
109 99
109 194
194 109
194 229
194 109
194 229
229 194
229 193
229 194
229 193
193 229
193 218
193 229
193 218
218 193
218 214
218 193
218 214
214 218
214 218
214 254
214 254
254 214
254 253
254 214
254 253
253 254
253 190
253 254
253 190
190 245
190 245
190 253
190 253
245 190
245 191
245 190
245 191
191 245
191 221
191 245
191 221
221 191
221 217
221 191
221 217
217 221
217 189
217 221
217 189
189 217
189 244
189 217
189 244
244 189
244 250
244 189
244 250
250 244
250 192
250 244
250 192
192 250
192 243
192 250
192 243
243 192
243 209
243 192
243 209
209 215
209 243
209 243
209 200
215 209
215 242
200 210
200 209
242 215
242 197
210 224
210 200
197 242
197 220
220 197
220 223
224 234
224 210
234 232
234 224
223 220
223 240
240 223
240 225
240 225
240 195
240 195
232 226
232 226
232 234
232 201
232 201
195 198
195 240
195 198
195 240
225 240
225 205
225 240
225 205
201 232
201 198
201 232
201 198
226 211
226 232
226 211
226 232
205 225
205 222
205 225
205 222
198 201
198 195
198 201
198 195
211 239
211 226
211 239
211 226
222 205
222 235
222 205
222 235
239 208
239 211
239 208
239 211
235 222
235 227
235 222
235 227
208 213
208 239
208 213
208 239
227 235
227 204
227 235
227 204
204 227
204 203
204 227
204 203
213 233
213 208
213 233
213 208
203 204
203 246
203 204
203 246
233 251
233 213
233 251
233 213
246 203
246 237
246 203
246 237
251 199
251 233
251 199
251 233
237 246
237 219
237 246
237 219
199 231
199 251
199 231
199 251
219 237
219 202
219 237
219 202
231 216
231 199
231 216
231 199
202 219
202 252
202 219
202 252
216 236
216 231
216 236
216 231
252 202
252 247
252 202
252 247
236 248
236 216
236 248
236 216
247 252
247 252
247 241
247 228
247 228
248 238
248 236
248 236
248 196
248 196
228 247
228 206
228 247
228 206
196 206
196 248
196 206
196 248
206 228
206 196
206 228
206 196
238 249
238 248
241 247
241 230
249 212
249 238
230 241
230 207
207 230
207 187
212 187
212 249
187 188
187 188
187 212
187 207
188 273
188 187
188 273
188 187
273 255
273 188
273 255
273 188
255 277
255 273
255 277
255 273
277 256
277 255
277 256
277 255
256 268
256 277
256 268
256 277
268 271
268 256
268 271
268 256
271 257
271 268
271 257
271 268
257 278
257 271
257 278
257 271
278 258
278 257
278 258
278 257
258 274
258 278
258 274
258 278
274 259
274 258
274 259
274 258
259 267
259 274
259 267
259 274
267 269
267 259
267 269
267 259
269 260
269 267
269 260
269 267
260 270
260 269
260 270
260 269
270 261
270 260
270 261
270 260
261 262
261 270
261 262
261 270
262 275
262 261
262 275
262 261
275 263
275 262
275 263
275 262
263 272
263 275
263 272
263 275
272 264
272 263
272 264
272 263
264 276
264 272
264 276
264 272
276 265
276 264
276 265
276 264
265 266
265 276
265 266
265 276
266 122
266 265
266 122
266 265
122 123
122 266
122 123
122 266
123 121
123 122
123 121
123 122
121 124
121 123
121 124
121 123
124 181
124 121
124 181
124 121
181 184
181 124
181 184
181 124
184 185
184 181
184 185
184 181
185 180
185 184
185 180
185 184
180 186
180 185
180 186
180 185
186 182
186 180
186 182
186 180
182 183
182 186
182 183
182 186
183 166
183 182
183 166
183 182
166 170
166 183
166 170
166 183
170 169
170 166
170 169
170 166
169 168
169 170
169 168
169 170
168 165
168 169
168 165
168 169
165 167
165 168
165 167
165 168
167 171
167 165
167 171
167 165
171 136
171 167
171 136
171 167
136 158
136 171
136 158
136 171
158 137
158 136
158 137
158 136
137 144
137 158
137 144
137 158
144 137
144 137
144 139
144 149
139 135
139 144
149 144
149 142
135 139
135 152
135 152
135 160
135 160
142 149
142 154
142 154
142 148
142 148
152 135
152 148
152 135
152 148
148 152
148 142
148 152
148 142
160 151
160 135
160 151
160 135
154 142
154 134
154 142
154 134
151 161
151 160
151 161
151 160
161 143
161 151
161 143
161 151
134 154
134 156
134 154
134 156
143 159
143 159
143 161
143 161
159 141
159 143
159 141
159 143
156 134
156 131
156 134
156 131
141 159
141 159
141 140
141 140
131 156
131 157
131 156
131 157
140 153
140 141
140 153
140 141
157 131
157 132
157 131
157 132
153 147
153 140
153 147
153 140
132 138
132 162
132 162
132 157
132 157
147 146
147 153
147 146
147 153
162 132
162 145
162 132
162 145
145 133
145 162
145 162
145 155
145 155
146 155
146 147
146 155
146 147
155 145
155 146
155 145
155 146
138 132
138 125
133 125
133 145
125 126
125 126
125 138
125 133
126 125
126 127
126 125
126 127
127 126
127 164
127 126
127 164
164 127
164 150
164 127
164 150
150 164
150 128
150 164
150 128
128 150
128 163
128 150
128 163
163 128
163 129
163 128
163 129
129 163
129 130
129 163
129 130
130 129
130 176
130 129
130 176
176 130
176 175
176 130
176 175
175 176
175 179
175 176
175 179
179 175
179 172
179 175
179 172
172 179
172 178
172 179
172 178
178 172
178 173
178 172
178 173
173 178
173 174
173 178
173 174
174 173
174 177
174 173
174 177
177 174
177 92
177 174
177 92
92 177
92 90
92 177
92 90
90 92
90 91
90 92
90 91
91 90
91 93
91 90
91 93
93 91
93 578
93 91
93 578
578 93
578 531
578 93
578 531
531 578
531 532
531 578
531 532
532 531
532 554
532 531
532 554
554 532
554 555
554 532
554 555
555 554
555 551
555 554
555 551
551 555
551 555
551 562
551 563
562 553
562 551
563 551
563 570
570 563
570 535
553 552
553 552
553 562
553 569
553 569
535 570
535 550
535 550
535 571
535 571
569 553
569 550
569 553
569 550
571 535
571 536
571 535
571 536
550 569
550 535
550 569
550 535
552 533
552 553
552 533
552 553
536 571
536 539
536 571
536 539
533 568
533 552
533 568
533 552
539 536
539 572
539 536
539 572
568 567
568 533
568 567
568 533
572 539
572 540
572 539
572 540
567 534
567 568
567 534
567 568
540 572
540 572
540 573
540 573
534 566
534 567
534 566
534 567
573 540
573 542
573 540
573 542
566 537
566 534
566 537
566 534
542 573
542 574
542 573
542 574
537 565
537 566
537 565
537 566
574 542
574 541
574 542
574 541
565 549
565 537
565 549
565 537
541 574
541 548
541 574
541 548
549 565
549 565
549 577
549 576
549 576
576 538
576 549
576 538
576 549
548 558
548 575
548 575
548 541
548 541
538 575
538 576
538 575
538 576
577 559
577 549
575 548
575 538
575 548
575 538
559 561
559 577
558 548
558 560
561 547
561 559
560 558
560 547
547 564
547 564
547 560
547 561
564 547
564 556
564 547
564 556
556 564
556 543
556 564
556 543
543 556
543 544
543 556
543 544
544 543
544 557
544 543
544 557
557 544
557 545
557 544
557 545
545 557
545 546
545 557
545 546
546 545
546 483
546 545
546 483
483 546
483 481
483 546
483 481
481 483
481 484
481 483
481 484
484 481
484 479
484 481
484 479
479 484
479 486
479 484
479 486
486 479
486 482
486 479
486 482
482 486
482 485
482 486
482 485
485 482
485 480
485 482
485 480
480 485
480 501
480 485
480 501
501 513
501 513
501 480
501 480
513 501
513 501
513 528
513 527
528 513
528 502
527 503
527 513
502 528
502 489
503 526
503 527
526 509
526 503
489 502
489 488
489 488
489 491
489 491
509 526
509 488
509 488
509 490
509 490
488 509
488 489
488 509
488 489
491 489
491 505
491 489
491 505
490 511
490 509
490 511
490 509
505 525
505 493
505 493
505 491
505 491
511 510
511 490
511 510
511 490
525 505
525 515
493 505
493 495
493 505
493 495
510 518
510 514
510 514
510 511
510 511
495 508
495 508
495 523
495 493
495 493
515 525
515 521
518 516
518 510
514 494
514 510
514 494
514 510
523 520
523 495
508 495
508 498
508 495
508 498
516 524
516 518
520 504
520 523
494 497
494 497
494 522
494 514
494 514
521 515
521 492
498 508
498 506
498 508
498 506
522 494
522 517
497 507
497 494
497 507
497 494
504 519
504 520
524 530
524 516
517 522
517 496
506 498
506 499
506 498
506 499
507 500
507 497
507 500
507 497
499 506
499 529
499 506
499 529
530 512
530 524
519 492
519 504
500 529
500 507
500 529
500 507
529 499
529 500
529 499
529 500
496 517
496 512
492 586
492 586
492 521
492 519
512 496
512 487
512 487
512 530
586 492
586 585
586 492
586 585
585 586
585 581
585 586
585 581
581 585
581 580
581 585
581 580
580 581
580 583
580 581
580 583
583 580
583 579
583 580
583 579
579 583
579 588
579 583
579 588
588 579
588 584
588 579
588 584
584 588
584 582
584 588
584 582
582 584
582 587
582 584
582 587
587 582
587 593
587 582
587 593
593 587
593 589
593 587
593 589
589 593
589 595
589 593
589 595
595 589
595 590
595 589
595 590
487 512
487 468
487 512
487 468
590 595
590 597
590 595
590 597
597 590
597 594
597 590
597 594
594 597
594 598
594 597
594 598
598 594
598 591
598 594
598 591
591 598
591 596
591 598
591 596
596 591
596 592
596 591
596 592
468 487
468 469
468 487
468 469
592 596
592 599
592 596
592 599
599 592
599 624
599 592
599 624
469 468
469 478
469 468
469 478
478 469
478 472
478 469
478 472
472 478
472 473
472 478
472 473
473 472
473 477
473 472
473 477
624 599
624 599
624 621
624 622
477 473
477 474
477 473
477 474
621 624
621 626
474 477
474 475
474 477
474 475
626 621
626 625
622 624
622 602
622 602
622 603
622 603
625 626
625 602
625 602
625 609
625 609
602 622
602 625
602 622
602 625
609 625
609 604
609 625
609 604
603 605
603 622
603 605
603 622
605 617
605 603
605 617
605 603
604 609
604 615
604 609
604 615
617 610
617 605
617 610
617 605
615 604
615 601
615 604
615 601
610 606
610 617
610 606
610 617
601 611
601 611
601 615
601 615
475 474
475 471
475 474
475 471
606 616
606 610
606 616
606 610
611 601
611 608
611 601
611 608
616 614
616 606
616 614
616 606
608 611
608 618
608 611
608 618
614 613
614 616
614 613
614 616
618 608
618 607
618 608
618 607
613 612
613 612
613 623
613 614
613 614
607 612
607 612
607 619
607 618
607 618
612 607
612 613
612 607
612 613
623 620
623 613
619 607
619 620
471 475
471 476
471 475
471 476
620 600
620 600
620 619
620 623
476 471
476 470
476 471
476 470
470 476
470 464
470 476
470 464
600 620
600 627
600 620
600 627
464 470
464 467
464 470
464 467
467 464
467 463
467 464
467 463
463 467
463 462
463 467
463 462
462 463
462 461
462 463
462 461
461 462
461 465
461 462
461 465
465 461
465 460
465 461
465 460
460 465
460 459
460 465
460 459
459 460
459 466
459 460
459 466
466 459
466 459
466 427
466 427
427 466
427 441
427 466
427 441
627 600
627 630
627 600
627 630
441 427
441 422
441 427
441 422
422 454
422 454
422 441
422 441
422 453
422 453
454 422
454 424
454 422
454 424
453 432
453 422
453 432
453 422
424 454
424 455
424 454
424 455
432 452
432 453
432 452
432 453
455 424
455 434
455 424
455 434
452 430
452 432
452 430
452 432
434 455
434 456
434 455
434 456
430 451
430 452
430 451
430 452
456 434
456 426
456 434
456 426
451 420
451 430
451 420
451 430
426 456
426 457
426 456
426 457
420 450
420 451
420 450
420 451
457 426
457 425
457 426
457 425
450 418
450 420
450 418
450 420
425 457
425 457
425 458
425 458
418 449
418 449
418 450
418 450
458 425
458 429
458 425
458 429
449 417
449 418
449 417
449 418
429 458
429 443
429 458
429 443
417 448
417 449
417 448
417 449
443 429
443 423
443 429
443 423
448 431
448 417
448 431
448 417
423 443
423 444
423 443
423 444
431 419
431 448
431 419
431 448
444 423
444 435
444 423
444 435
419 447
419 431
419 447
419 431
435 444
435 445
435 444
435 445
447 433
447 419
447 433
447 419
445 435
445 421
445 435
445 421
433 446
433 447
433 446
433 447
421 446
421 446
421 442
421 442
421 445
421 445
446 421
446 433
446 421
446 433
442 421
442 428
442 421
442 428
428 442
428 440
428 442
428 440
440 428
440 416
440 428
440 416
416 440
416 440
416 415
416 415
415 416
415 437
415 416
415 437
437 415
437 439
437 415
437 439
439 437
439 414
439 437
439 414
414 439
414 438
414 439
414 438
438 414
438 436
438 414
438 436
436 392
436 392
436 438
436 438
630 627
630 628
630 627
630 628
392 436
392 404
392 436
392 404
404 392
404 401
404 392
404 401
401 404
401 410
401 404
401 410
628 630
628 630
628 629
628 629
410 401
410 393
410 401
410 393
393 410
393 411
393 410
393 411
411 393
411 394
411 393
411 394
394 411
394 405
394 411
394 405
405 394
405 402
405 394
405 402
402 405
402 412
402 405
402 412
412 402
412 395
412 402
412 395
395 412
395 403
395 412
395 403
403 395
403 396
403 395
403 396
396 403
396 409
396 403
396 409
629 628
629 631
629 628
629 631
409 396
409 397
409 396
409 397
397 409
397 407
397 409
397 407
407 397
407 398
407 397
407 398
398 407
398 408
398 407
398 408
408 398
408 406
408 398
408 406
406 408
406 399
406 408
406 399
399 406
399 413
399 406
399 413
631 632
631 632
631 629
631 629
413 399
413 400
413 399
413 400
400 413
400 279
400 413
400 279
632 633
632 633
632 631
632 631
279 400
279 280
279 400
279 280
280 279
280 283
280 279
280 283
633 632
633 634
633 632
633 634
283 280
283 282
283 280
283 282
282 283
282 283
282 281
282 281
281 387
281 387
281 282
281 282
634 633
634 635
634 633
634 635
635 634
635 636
635 634
635 636
387 388
387 388
387 281
387 281
388 387
388 387
388 390
388 390
636 635
636 637
636 635
636 637
390 388
390 391
390 388
390 391
391 390
391 389
391 390
391 389
637 636
637 644
637 636
637 644
644 637
644 638
644 637
644 638
389 391
389 288
389 391
389 288
638 644
638 647
638 644
638 647
647 638
647 639
647 638
647 639
288 389
288 284
288 389
288 284
639 647
639 645
639 647
639 645
645 639
645 640
645 639
645 640
284 288
284 289
284 288
284 289
640 645
640 646
640 645
640 646
289 284
289 285
289 284
289 285
646 640
646 641
646 640
646 641
641 646
641 642
641 646
641 642
285 289
285 287
285 289
285 287
642 641
642 643
642 641
642 643
287 285
287 286
287 285
287 286
643 642
643 642
643 673
643 666
286 287
286 287
286 316
286 316
666 651
666 643
673 643
673 674
651 676
651 676
651 666
651 648
651 648
674 673
674 648
674 648
674 649
674 649
676 653
676 651
676 653
676 651
649 674
649 675
649 674
649 675
648 651
648 674
648 651
648 674
653 654
653 676
653 654
653 676
675 649
675 650
675 649
675 650
654 678
654 653
654 678
654 653
650 677
650 677
650 675
650 675
678 656
678 654
678 656
678 654
677 650
677 652
677 650
677 652
656 658
656 678
656 658
656 678
658 660
658 656
658 660
658 656
652 677
652 677
652 669
652 669
660 659
660 658
660 659
660 658
669 652
669 655
669 652
669 655
655 669
655 657
655 669
655 657
659 660
659 660
659 684
659 670
659 670
657 683
657 670
657 670
657 655
657 655
670 657
670 659
670 657
670 659
684 661
684 659
316 317
316 386
316 286
316 286
683 657
683 661
317 316
317 322
661 683
661 684
661 671
661 671
386 318
386 316
671 661
671 668
671 661
671 668
318 323
318 386
668 671
668 680
668 671
668 680
680 668
680 662
680 668
680 662
323 349
323 318
349 319
349 323
662 680
662 679
662 680
662 679
319 321
319 349
322 317
322 356
321 361
321 319
361 348
361 321
348 358
348 361
356 322
356 335
358 320
358 348
335 356
335 357
335 357
335 355
335 355
320 358
320 359
320 359
355 335
355 334
355 335
355 334
359 360
359 320
359 360
359 320
357 336
357 335
357 336
357 335
679 662
679 663
679 662
679 663
334 355
334 333
334 355
334 333
360 338
360 359
360 338
360 359
336 337
336 357
336 337
336 357
333 334
333 354
333 334
333 354
338 351
338 360
338 351
338 360
354 333
354 325
354 333
354 325
351 339
351 338
351 339
351 338
325 332
325 332
325 354
325 354
339 362
339 362
339 352
339 352
339 351
339 351
337 375
337 336
337 375
337 336
332 325
332 350
332 325
332 350
362 340
362 339
362 340
362 339
375 374
375 337
375 374
375 337
350 332
350 331
350 332
350 331
340 341
340 362
340 341
340 362
374 379
374 375
374 379
374 375
352 376
352 380
352 376
352 380
352 339
352 339
331 350
331 324
331 350
331 324
341 363
341 340
341 363
341 340
379 380
379 374
379 380
379 374
376 381
376 352
376 381
376 352
380 352
380 379
380 352
380 379
324 330
324 330
324 331
324 331
363 364
363 341
363 364
363 341
381 382
381 376
381 382
381 376
364 342
364 363
364 342
364 363
330 324
330 329
330 324
330 329
382 377
382 381
382 377
382 381
663 679
663 667
663 679
663 667
342 343
342 364
342 343
342 364
329 330
329 353
329 330
329 353
343 369
343 342
343 369
343 342
377 383
377 382
377 383
377 382
353 329
353 328
353 329
353 328
383 384
383 377
383 384
383 377
369 347
369 343
369 347
369 343
328 353
328 346
328 353
328 346
347 369
347 369
347 368
347 368
347 367
384 378
384 383
384 378
384 383
346 370
346 370
346 328
346 328
346 326
378 385
378 384
378 385
378 384
367 311
367 347
368 373
368 347
368 373
368 347
370 346
370 371
370 346
370 371
373 344
373 344
373 365
373 365
373 368
373 368
373 366
385 365
385 378
385 365
385 378
371 370
371 345
371 370
371 345
366 311
366 373
365 373
365 385
365 373
365 385
344 372
344 373
344 372
344 373
345 371
345 372
345 371
345 372
372 345
372 344
372 345
372 344
667 663
667 664
667 663
667 664
311 296
311 366
311 367
326 346
326 327
327 326
327 297
296 310
296 311
297 327
297 314
664 667
664 672
664 667
664 672
314 297
314 315
310 298
310 296
315 314
315 290
298 309
298 310
672 664
672 665
672 664
672 665
290 313
290 315
309 291
309 298
313 290
313 303
291 309
291 293
303 292
303 313
292 303
292 301
293 300
293 291
301 292
301 306
300 304
300 293
304 305
304 300
306 301
306 308
305 304
305 307
665 672
665 682
665 672
665 682
307 302
307 305
308 306
308 299
302 294
302 307
299 308
299 312
312 299
312 294
682 665
682 681
682 665
682 681
294 302
294 295
294 295
294 312
295 294
295 294
681 682
681 685
681 682
681 685
685 681
685 731
685 681
685 731
731 685
731 730
731 685
731 730
730 731
730 729
730 731
730 729
729 730
729 686
729 730
729 686
686 729
686 687
686 729
686 687
687 686
687 719
687 686
687 719
719 687
719 723
719 687
719 723
723 719
723 688
723 719
723 688
688 723
688 689
688 723
688 689
689 688
689 724
689 688
689 724
724 689
724 690
724 689
724 690
690 724
690 716
690 724
690 716
716 690
716 691
716 690
716 691
691 716
691 721
691 716
691 721
721 691
721 709
721 691
721 709
709 721
709 692
709 721
709 692
692 709
692 711
692 709
692 711
711 692
711 692
711 715
711 718
715 722
715 711
718 711
718 717
717 718
717 720
722 697
722 715
720 717
720 728
728 720
728 695
697 722
697 712
697 712
697 707
697 707
695 728
695 693
695 693
695 707
695 707
712 704
712 697
712 704
712 697
693 695
693 694
693 695
693 694
707 697
707 695
707 697
707 695
704 700
704 712
704 700
704 712
694 693
694 696
694 693
694 696
700 704
700 704
700 714
700 714
696 708
696 708
696 694
696 694
714 710
714 700
714 710
714 700
708 696
708 706
708 696
708 706
710 702
710 702
710 714
710 714
706 708
706 708
706 698
706 698
702 703
702 710
702 703
702 710
698 706
698 699
698 706
698 699
703 705
703 702
703 705
703 702
699 698
699 701
699 698
699 701
705 703
705 703
705 727
705 726
705 726
701 725
701 713
701 713
701 699
701 699
727 736
727 705
726 713
726 705
726 713
726 705
713 701
713 726
713 701
713 726
725 701
725 738
736 739
736 727
738 725
738 732
739 732
739 736
732 738
732 741
732 741
732 739
741 732
741 734
741 732
741 734
734 741
734 733
734 741
734 733
733 734
733 740
733 734
733 740
740 733
740 735
740 733
740 735
735 740
735 737
735 740
735 737
737 735
737 742
737 735
737 742
742 737
742 744
742 737
742 744
744 742
744 749
744 742
744 749
749 744
749 748
749 744
749 748
748 749
748 750
748 749
748 750
750 748
750 746
750 748
750 746
746 750
746 747
746 750
746 747
747 746
747 745
747 746
747 745
745 747
745 743
745 747
745 743
743 745
743 753
743 745
743 753
753 743
753 752
753 743
753 752
752 753
752 751
752 753
752 751
751 752
751 754
751 752
751 754
754 751
754 758
754 751
754 758
758 754
758 755
758 754
758 755
755 758
755 761
755 758
755 761
761 755
761 756
761 755
761 756
756 761
756 760
756 761
756 760
760 756
760 757
760 756
760 757
757 760
757 759
757 760
757 759
759 757
759 762
759 757
759 762
762 759
762 764
762 759
762 764
764 762
764 762
764 791
764 791
791 764
791 780
791 764
791 780
780 784
780 787
780 791
780 791
787 780
787 788
788 787
788 786
786 788
786 768
784 780
784 770
784 770
784 793
784 793
768 786
768 795
768 795
768 794
768 794
793 784
793 783
793 784
793 783
794 783
794 768
794 783
794 768
795 768
795 796
795 768
795 796
770 807
770 784
770 807
770 784
796 795
796 765
796 795
796 765
783 793
783 794
783 793
783 794
807 775
807 770
807 775
807 770
765 796
765 776
765 796
765 776
775 806
775 807
775 806
775 807
776 765
776 778
776 765
776 778
778 781
778 776
778 776
806 774
806 775
806 774
806 775
781 778
781 798
774 777
774 806
774 777
774 806
798 781
798 797
777 805
777 774
777 805
777 774
797 798
797 763
763 797
763 799
805 773
805 777
805 773
805 777
799 763
799 766
773 771
773 805
773 771
773 805
766 799
766 767
771 782
771 773
771 782
771 773
782 804
782 771
782 804
782 771
767 766
767 769
804 803
804 782
804 803
804 782
769 789
769 800
769 767
803 779
803 804
803 779
803 804
800 769
800 801
779 792
779 803
779 803
779 785
801 800
801 802
785 802
785 779
792 772
792 779
802 801
802 785
789 769
789 808
808 789
808 772
772 808
772 809
772 809
772 792
809 772
809 790
809 772
809 790
790 809
790 815
790 809
790 815
815 790
815 810
815 790
815 810
810 815
810 811
810 815
810 811
811 810
811 812
811 810
811 812
812 811
812 813
812 811
812 813
813 812
813 814
813 812
813 814
814 813
814 816
814 813
814 816
816 814
816 817
816 814
816 817
817 816
817 818
817 816
817 818
818 817
818 819
818 817
818 819
819 818
819 822
819 818
819 822
822 819
822 820
822 819
822 820
820 822
820 823
820 822
820 823
823 820
823 821
823 820
823 821
821 824
821 824
821 823
821 823
824 821
824 826
824 821
824 826
826 824
826 825
826 824
826 825
825 826
825 828
825 826
825 828
828 825
828 827
828 825
828 827
827 828
827 829
827 828
827 829
829 827
829 830
829 827
829 830
830 829
830 831
830 829
830 831
831 830
831 832
831 830
831 832
832 831
832 855
832 831
832 855
855 832
855 832
855 836
855 836
836 855
836 855
836 837
836 837
837 859
837 860
837 836
837 836
859 837
859 863
860 862
860 837
863 859
863 835
862 838
862 860
835 863
835 876
835 876
835 877
835 877
838 862
838 878
838 878
838 879
838 879
877 856
877 835
877 856
877 835
879 839
879 838
879 839
879 838
876 835
876 847
876 835
876 847
878 838
878 856
878 838
878 856
856 878
856 877
856 878
856 877
839 880
839 879
839 880
839 879
847 876
847 875
847 876
847 875
880 845
880 839
880 845
880 839
875 847
875 853
875 847
875 853
845 881
845 880
845 881
845 880
853 875
853 874
853 875
853 874
881 852
881 845
881 852
881 845
852 882
852 881
852 882
852 881
874 853
874 834
874 853
874 834
882 857
882 852
882 857
882 852
834 874
834 874
834 854
834 873
834 873
857 883
857 882
857 883
857 882
873 834
873 848
873 834
873 848
883 849
883 857
883 849
883 857
854 834
854 867
848 873
848 851
848 873
848 851
849 846
849 883
849 846
849 883
867 854
867 868
851 848
851 872
851 848
851 872
846 885
846 849
846 885
846 849
872 851
872 840
872 851
872 840
868 867
840 866
840 871
840 871
840 872
840 872
885 843
885 846
885 843
885 846
871 840
871 865
871 840
871 865
843 884
843 885
843 884
843 885
866 841
866 840
841 864
841 866
884 850
884 843
884 850
884 843
865 871
865 858
865 871
865 858
850 869
850 869
850 884
850 884
858 865
858 842
858 865
858 842
864 844
864 841
869 861
869 850
869 861
869 850
842 870
842 870
842 858
842 858
861 870
861 869
861 870
861 869
870 842
870 861
870 842
870 861
844 833
844 864
833 886
833 844
886 887
886 833
887 886
