60000
60001
59998
59997
59886
59883
59830
59812
59888
59880
59881
59832
59811
59810
59809
59844
59885
59854
59814
59879
59853
59837
59813
59852
59819
59851
59850
59848
59818
59849
59815
59841
59840
59827
59916
59942
59943
59917
59918
59940
59921
59919
59944
59920
59922
59905
59892
59894
59902
59896
59897
59909
59904
59937
59923
59936
59924
59934
59935
59939
59925
59930
59926
59927
59941
59933
59928
59929
59932
59931
60076
60077
60078
60084
60079
60080
60085
60081
60082
60083
60096
60087
60088
60095
60086
60094
60097
60089
60098
60090
60091
60092
60099
60093
60100
60114
60115
60116
60117
60165
60106
60121
60122
60125
60107
60108
60109
60113
60110
60103
60131
60132
60104
60135
60136
60139
60162
60140
60142
60101
60145
60105
60111
60157
60160
60112
60166
60167
60168
60169
60202
60204
60187
60223
60206
60207
60209
60211
60212
60178
60179
60191
60180
60190
60197
60181
60186
60220
60242
60217
60215
60172
60243
60244
60245
60173
60174
60241
60240
60239
60238
60237
60236
60225
337274
337227
337235
337237
337240
337269
337268
337267
337266
337265
337253
337264
337263
337262
337261
337260
337259
337258
337251
337257
337256
337255
337254
337246
337230
337273
337247
337248
337233
337249
337286
337325
337296
337324
337288
337376
337335
337336
337337
337339
337356
337360
337351
337367
337639
337607
337636
337604
337603
337637
337648
337677
337647
337601
337646
337645
337602
337661
337662
337649
337605
337606
337656
337663
337608
337655
337653
337651
337609
337650
337652
337654
337659
337660
337678
337684
337689
337694
337692
337700
337682
337685
337688
337693
337691
337686
337695
337683
337696
337690
337698
337697
337681
337687
337699
337680
337701
337600
337598
337597
337599
337706
337703
337702
337711
337704
337705
337710
337722
337707
337708
337714
337713
337717
337718
337719
337721
337748
337750
337741
337730
337746
337728
337729
337731
337732
337727
337749
337726
337724
337725
337723
337824
337826
337828
337827
337823
337825
337822
337830
337829
337763
337808
337807
337785
337815
337773
337816
337781
337806
337786
337805
337804
337803
337780
337802
337801
337783
337812
337799
337797
337789
337769
337765
337766
337767
337768
348125
348126
348124
348123
348127
344344
344360
344359
344358
344357
344370
344354
344371
344369
344362
344372
344361
344356
344355
344364
344365
344366
344363
344353
344347
344349
344348
344351
344350
344352
344424
344453
344479
344423
344437
344455
344432
344463
344431
344477
344420
344448
344449
344450
344421
344480
344445
344439
344441
344443
344481
344492
344491
344482
344490
344489
344483
344488
344487
344485
344484
344486
344499
344493
344498
344497
344494
344495
344496
344500
344501
344506
344502
344507
344509
344508
344503
344510
344512
344511
344504
344513
344514
344505
344515
344517
344516
344525
344529
344526
344534
63450
63455
63446
63463
63444
63403
63421
63434
63420
63414
63433
63413
63440
63432
63419
63437
63404
344523
344521
344524
344522
344518
344520
344519
344553
344551
344560
344557
344554
344556
344555
344552
344562
344561
344550
344567
344566
344565
344563
344569
344568
344564
344571
344570
344582
344572
344577
344578
344573
344579
344576
344575
344581
344580
344574
344583
344585
344587
344588
344589
344586
344590
344591
344584
344593
344592
344594
344595
344598
344596
344599
344597
344825
344824
344827
344821
344826
344833
344820
344832
344822
344819
344839
344840
344838
344837
344847
344836
344835
344841
344842
344834
344818
344817
344816
344850
344861
344862
344849
344851
344855
344848
344852
344853
344854
344856
344863
344867
344864
344866
344865
344868
344870
344869
344871
344876
344872
344873
344874
344875
344877
344878
350242
350243
350244
350245
350246
350247
350767
350766
350768
66566
66571
66565
66572
66573
66562
66574
66506
66464
66505
66466
66492
66468
66490
66507
66470
66471
66472
66494
66473
66474
66498
66475
66500
66476
66477
66478
66479
66480
66520
66510
66511
66512
66513
66514
66515
66575
66576
66577
66580
66578
66582
66585
66583
66611
66598
66599
66590
66592
66609
66594
66606
66602
66604
66596
66620
66619
66618
66616
66615
66614
66638
66621
66622
66643
66624
66626
66641
66631
66647
66633
66634
66636
66650
66676
66675
66674
66654
66663
66664
66671
66666
66670
66667
66657
66658
66659
66669
66683
66681
66678
66682
66891
66893
66863
66852
66853
66912
66865
66866
66889
66860
66859
66908
66957
66956
66874
66955
66875
66954
66877
66953
66879
66952
66919
66951
66881
66950
66882
66915
66914
66916
66886
66888
66920
66861
66854
66906
66896
66897
66855
66901
66895
66902
66856
66857
66976
66977
66980
66981
66978
66979
66982
66983
66995
66984
66993
66992
66987
66991
66994
66986
66985
66996
67028
67027
67036
67026
67025
67014
67001
66999
67015
67016
67007
67000
67008
67024
67033
67023
67022
67019
67018
67017
67037
67043
67040
67044
67041
67046
67069
67053
67048
67049
67056
67055
67066
67050
67068
67064
67061
67051
67059
67234
67248
67236
70153
70173
70165
70171
70156
70154
70175
70151
70176
70177
70167
70150
70168
70081
70073
70076
70071
70070
70080
70069
70079
70068
70067
70065
70066
70089
70093
70088
70095
70096
70087
356583
356571
356572
356569
356565
356568
356586
356594
356593
356596
356587
356597
356591
356598
356589
356600
356601
356599
356614
356609
356611
356605
356603
356606
356612
356610
356613
356604
356616
356607
356608
356615
356628
356692
356683
356687
356686
356617
356682
356618
356688
356620
356633
356689
356634
356699
356641
356665
356664
356663
356662
356661
356660
356659
356658
356657
356656
356655
356654
356653
356652
356680
356696
356640
356638
356621
356622
356816
356817
356844
356818
356819
356820
356821
356822
356907
356823
356850
356824
356851
356839
356840
356845
356860
356847
356829
356835
356831
356902
356837
356842
356887
356879
356878
356877
356889
356880
356882
356883
356884
356906
356885
356905
356886
356934
356931
356922
356939
356938
356940
356924
356923
356916
356951
356927
356950
356925
356949
356952
356928
356918
356932
356948
356917
356947
356944
356945
356926
356946
356953
356929
356954
356986
356985
356987
356988
356970
356977
356976
356989
356990
356966
356991
356978
356962
356972
356961
356974
356971
356973
356975
70210
70222
70214
70215
70213
70220
70208
70211
70212
70250
70224
70239
70247
70226
70244
70245
70246
70228
70252
70253
70254
70227
70229
70259
70225
70255
70289
70286
70277
70265
70296
70290
70294
70288
70280
70266
70287
70298
70269
70274
70293
70268
70273
70271
357787
357788
357792
357782
357794
357778
357784
357811
357812
357801
357799
357803
357805
357804
357806
357798
357797
357796
357810
357822
357821
357823
357820
357837
357838
357819
357835
357825
357824
357818
357826
357817
357828
357849
357840
357842
357843
357865
357881
357874
357873
357866
357884
357885
357867
357871
357868
357872
357869
357888
357847
357856
357855
357861
357862
357863
357864
357957
357958
357954
357959
357956
357960
357953
357955
357952
357951
357962
357963
357961
357949
357964
357948
357965
357966
357950
357993
357991
357990
357992
357989
357988
357977
358000
357987
357985
357974
358003
357982
357979
357973
358001
358006
358004
358012
358013
358007
358015
358014
358008
358011
358009
358010
358038
358034
358039
358017
358033
358020
358021
358040
358023
358025
358032
358027
358030
358029
70300
70302
70305
70306
70308
70310
70404
70405
70398
70391
70392
70409
70410
70411
70400
358705
358699
358700
358701
358703
358702
358704
358715
358772
358716
358768
358755
358775
358720
358767
358722
358766
359182
359214
359201
359172
359174
359212
359176
359188
359191
359184
359181
359209
359210
359208
359211
359284
359240
359241
359252
359283
359244
359290
359291
359232
359294
359295
359271
359267
359247
359229
359278
359227
359262
359246
359242
359251
359245
359263
359264
359595
359586
359587
359594
359608
359591
359592
359593
359609
359619
359588
359617
359589
359614
359604
359613
359590
359623
359624
359625
359713
359641
359667
359647
359640
359650
359716
359717
359718
359648
359670
359639
359669
359719
359720
359626
359722
359629
359675
359723
359676
359724
359632
359652
359725
359726
359727
359653
359654
359690
359634
359689
359688
359687
359655
359679
359635
359663
359728
359644
359637
359643
359683
359681
359678
359807
359819
359901
359950
359850
359820
359888
359822
359889
359862
359823
359861
359821
359909
359846
359885
359961
359824
359956
359957
359902
359844
360029
359828
359866
360042
359852
359826
360041
359825
359851
359827
360040
359865
360039
359845
359863
359977
359894
360032
359906
359971
360025
359896
359962
359897
360118
360057
360058
360059
360060
360099
360063
360064
360128
360065
360114
360113
360072
360093
360115
360077
360079
360124
360083
360087
360088
360089
360086
360098
360082
360080
360078
360076
360075
360073
360070
360121
360069
360068
360096
360123
360127
360067
360066
360853
360846
360849
360844
360851
360843
360842
360855
360807
360805
360771
360770
360804
360802
360800
360824
360817
360798
360777
360797
360795
360793
360791
360789
360787
360786
360784
360783
360781
360780
360834
360839
360835
360779
360808
360821
360818
359811
359810
359812
360820
360815
360837
360778
360773
360812
360828
360832
360811
360826
360825
360686
360701
360695
360684
360709
360708
360685
360710
360691
360675
360696
360676
360715
360717
360716
360680
360718
360720
360719
360678
360723
360722
360677
360721
360727
360683
360687
360698
70785
70784
70799
70807
70775
70814
70798
70842
70862
70855
70843
70844
70856
70857
70839
70837
70831
70870
70853
70869
70846
70832
70868
70847
70850
70833
70860
70851
70875
70859
71071
71073
71055
71074
71056
71068
71069
71077
71076
71075
71057
71079
71066
71059
71063
71064
71115
71116
71123
71103
71122
71114
71121
71113
71120
71124
71104
71136
71099
71117
71119
71089
71134
71088
71118
71094
71112
71102
71127
71111
71083
71107
71126
71082
71125
71106
71081
70900
70883
70898
70899
70896
70894
70880
70897
70893
70879
70881
70889
70878
70877
70888
70887
70886
70882
70906
70913
70914
70911
70931
70915
70916
70917
70918
70919
70920
70903
70910
70902
70909
70901
70908
71002
71010
71009
71001
71000
71008
71007
70999
71005
71006
71004
70998
71003
70948
70947
70949
70946
70937
70945
70936
70950
70944
70935
70938
70934
70943
70933
70942
70932
70939
70940
70941
70992
70959
70960
70965
70991
70994
70953
70993
70954
70990
70966
70967
70972
70962
70985
70984
70977
70995
70958
70957
70983
70952
70981
70982
70980
70951
70979
70956
70978
70955
71012
71036
71014
71035
71029
71028
71027
71026
71025
71024
71023
71022
71037
71021
71020
71030
71050
71051
71052
71054
71043
71042
71041
71049
71039
71038
71040
71046
71048
109098
109080
109104
109088
109089
109105
109087
109091
109081
109085
109107
109093
109101
109099
109100
109103
109115
109114
109116
109118
109123
109117
109124
109121
109113
109125
109120
109111
109119
109110
109109
109129
109126
109128
109127
109058
109057
109064
109065
109056
109063
109062
109061
109059
109060
109055
109074
109068
109077
109069
109067
109071
109066
109070
109076
109072
109075
109073
109184
109131
109130
109133
109132
109179
109181
109178
109136
109135
109177
109176
109142
109141
109140
109139
109168
109163
109162
109161
109160
109159
109170
109171
109137
109182
109183
109138
109167
109172
109173
109212
109190
109189
109228
109229
109187
109185
109224
109233
109191
109210
109197
109198
109188
109199
109200
109201
109202
109203
109219
109223
109218
109215
109222
109221
109186
109214
109230
109272
109271
109270
109269
109265
109260
109268
109235
109262
109239
109238
109259
109256
109255
109254
109253
109252
109251
109250
109249
109264
109237
109266
109236
109267
109234
109285
109284
109280
109281
109282
109279
109278
109277
109283
108874
108869
108868
108873
108872
108871
108867
108875
108866
108870
108977
108981
108992
108980
108993
108994
108995
108978
108917
108903
108912
108889
108911
108891
108887
108894
108895
108919
108899
108905
108897
108883
108920
108921
108922
108923
108892
108924
108925
108881
108926
108909
108927
108928
108879
108929
108908
108930
108906
108876
108931
108954
108964
108967
108965
108948
108959
108946
108955
108939
108962
108942
108963
108944
108961
108945
108968
108941
108940
109013
109012
109015
109010
109020
109009
109016
109030
109054
109036
109028
109053
109035
109052
109026
109051
109034
109024
109022
109040
109041
109032
109033
109042
109043
109021
109044
109003
109004
109002
109001
109005
109006
109007
109000
109008
108999
108998
108997
108996
108796
108797
108794
108795
108793
108792
108802
108801
108821
108813
108814
108812
108810
108807
108799
108805
108798
108820
108803
108800
108822
108847
108824
108862
108837
108861
108825
108836
108841
108823
108838
108826
108853
108835
108854
108855
108846
108845
108828
108865
108864
109286
109287
109292
109291
109288
109290
109299
109289
109293
109323
109338
109306
109315
109337
109303
109320
109301
109319
109302
109316
109304
109332
109331
109330
109322
109311
109347
109358
109353
109341
109344
109346
109339
109345
109348
109342
109349
109351
109383
109369
109370
109389
109368
109367
109379
109365
109364
109386
109362
109380
109360
109375
109359
109395
109394
109615
109614
109611
109612
109613
109518
109524
109523
109498
109517
109531
109529
109530
109520
109497
109519
109496
109515
109495
109512
109493
109509
109500
109492
109503
109507
109506
109491
109504
109532
109489
109533
109584
109602
109550
109598
109599
109585
109541
109576
109552
109542
109575
109559
109543
109544
109574
109545
109573
109553
109589
109546
109557
109597
109583
109547
109436
109415
109403
109440
109439
109402
109484
109401
109482
109435
109438
109433
109431
109486
109414
109477
109428
109476
109475
109474
109473
109406
109459
109423
109405
109449
109422
109421
109404
109419
109458
109444
109460
109488
109445
109446
109463
102762
102749
102758
102760
102748
102776
102754
102771
102741
102772
102752
102773
102764
102742
102743
102744
102745
102746
102780
102809
102795
102796
102786
102797
102798
102807
102784
102802
102801
102783
102787
102813
102803
102785
102788
102810
102790
102814
109603
109608
109610
109607
109604
421355
421356
414920
414919
414950
414948
414946
414918
414942
414917
414916
414915
414914
414954
414951
414933
414953
414932
414938
414940
414930
414939
414922
414937
414936
414921
414931
414952
415131
415140
415129
415128
415136
415127
415134
415135
415130
415126
415125
415124
415141
415123
415137
415138
415122
415133
415139
415121
415132
415038
415067
415037
415068
415048
415036
415069
415035
415034
415033
415072
415032
415075
415076
415077
415078
415055
415065
415026
415023
415021
415044
415064
415084
415042
103140
415066
415045
103139
103149
415103
415096
415119
415095
415117
415092
415091
415089
415086
415114
415085
415107
415115
415113
415108
415106
415105
415116
415101
415099
414981
415007
415002
415001
415003
415004
414992
414983
414998
414996
415009
415008
414993
415000
414984
414985
414986
414982
415012
415011
415015
415014
415013
415150
415149
415151
415148
415147
415146
415145
415155
415144
415176
415177
415143
415153
415142
415154
415179
415158
415157
415156
415164
415161
415175
415180
415174
415173
415162
415172
415191
415195
415194
415181
415192
415196
415189
415186
415187
415182
415188
415183
415184
415185
415198
415199
415201
415204
415202
415205
415197
415200
415203
415206
416367
416368
416352
416354
416360
416362
416363
416353
416355
416357
416371
416370
106638
106690
106639
106643
106694
106693
106642
106662
106684
106661
106685
106660
106686
106659
106658
106641
106665
106657
106649
106691
106667
106648
106734
106733
106731
106738
106728
106727
106721
106720
106743
106723
106761
106725
106724
106722
106719
106716
416389
416380
416383
416375
416382
416379
416376
416377
416384
416390
416391
416395
416392
416393
416394
416422
416423
416424
416426
416428
416429
416427
416425
416433
416432
416431
416430
416481
416480
416479
416478
416477
416482
416476
416475
416484
416474
416483
416492
416497
416491
416496
416490
416495
416493
416494
416488
416489
416487
416486
416485
416657
416656
416655
416654
416653
416652
416651
416650
416603
416614
416602
416601
416600
416633
416604
416597
416599
416611
416610
416630
416629
416644
416645
416648
416647
416649
416636
416637
416638
416639
416642
416640
416641
416708
416658
416659
416660
416730
416809
416661
416805
416707
416739
416807
416800
416799
416684
416685
416759
416686
416758
416757
416699
416687
416761
416760
416700
416688
416763
416720
416762
416719
416664
416665
416667
416718
416725
416717
416732
416669
416691
416690
416693
416702
416727
416671
416703
416692
416696
416710
416674
416736
416728
416677
416738
416737
416810
416839
416827
416828
416829
416830
416831
416832
416833
416834
416836
416814
416815
416817
416825
416824
416823
416822
416821
416840
416853
416841
416842
416843
416852
416844
416845
416849
416846
416850
416851
416848
416847
416857
416856
416855
416854
416859
416860
416858
416866
416865
416862
416861
416864
416863
416867
416872
416871
416868
416870
416875
416874
416869
416873
416876
418597
418589
418596
418595
418590
418592
418591
418593
418594
418600
418599
418601
418598
418604
418603
418605
418602
418613
418612
418618
418608
418611
418619
418607
418620
418615
418616
418617
418623
418624
418625
108427
108395
108424
108397
108422
108399
108377
108429
108435
108436
108468
108437
108495
108494
108438
108493
108492
108439
418629
418627
418631
418643
418628
418632
418630
418626
418644
418662
418690
418669
418670
418671
418672
418673
418674
418666
418675
418676
418677
418678
418679
418663
418704
418707
418703
418702
418646
418647
418649
418701
418700
418699
418692
418691
418693
418664
418665
418714
418718
418719
418720
418721
418722
418712
418713
418710
418709
418711
418723
418708
418753
418752
418751
418727
418750
418748
418726
418749
418741
418739
418737
418735
418733
418731
418729
418730
418747
418732
418734
418728
418725
418754
418755
418756
418724
418760
418757
418759
418758
419787
419788
419792
419786
419791
419789
419785
419784
419790
419783
419977
419978
419976
419984
419985
419975
419983
419980
419982
419981
419986
419979
419999
420000
419992
419991
419990
419995
419994
419989
419993
419988
419987
419996
419998
419997
420001
420003
420002
420004
420005
419895
419901
419900
419902
419899
419894
419903
419898
419893
419904
419892
419905
419906
419891
419890
419907
419889
419896
419908
419897
419910
419959
419909
419960
419941
419911
419912
419961
419913
419944
419953
419954
419943
419955
419915
419945
419939
419917
419952
419951
419919
419950
419949
419920
419948
419918
419947
419916
419946
419914
431024
431008
431040
431007
431038
431037
431050
431049
431039
431048
431018
431053
431054
431055
431012
431030
431029
431051
431036
431052
431045
431046
431015
431047
431076
431102
431101
431098
431097
431088
431134
431089
431071
431103
431106
431091
431092
431093
431072
431095
431096
431121
431122
431123
431124
431125
431126
431127
431133
431128
431129
431130
431131
431132
431068
431160
431168
431146
431157
431143
431142
431144
431162
431174
431153
431167
431158
431187
431176
431190
431189
431188
431191
111744
111766
111765
111747
111764
111750
111749
111743
111748
111772
111778
111779
111739
111740
111741
111771
111781
111784
111788
111786
111785
111787
111789
111801
111790
111791
111792
111794
111805
111804
111793
111803
111795
111796
111797
111798
111799
111800
111802
111814
111806
111813
111815
111807
111808
111809
111817
111816
111810
111811
111812
113648
113680
113674
113692
113688
113667
113696
113698
113697
111827
111826
111823
111820
111824
111829
111819
111828
111818
111825
111855
111837
111851
111850
111839
111838
111856
111840
111861
111860
111841
111842
111858
111843
111844
111845
111859
111846
113745
113744
113730
113737
113743
113731
113742
113732
113733
113734
113741
113735
113740
113739
113738
113736
113749
113750
113752
113755
113754
113753
113751
113748
113747
113746
113772
113773
113774
113775
113776
113777
113779
113778
113780
113781
113782
113783
113784
113785
113787
113786
113788
113792
113789
113790
113791
113793
113794
113795
113800
113796
113799
113797
113798
113801
113805
113806
113807
113802
113803
113804
113814
113815
113811
113813
113812
113810
113808
113809
113816
113822
113821
113820
113817
113818
113819
113823
113824
113829
113831
113828
113832
113826
113833
113827
113830
113838
113836
113841
113845
113834
113847
113849
113852
113853
113851
113850
113848
113846
113983
113984
113986
113987
114014
113991
113988
113989
113992
114001
113990
114009
113995
113999
113994
114013
114012
114003
114002
114006
113993
114007
114016
114017
114040
114034
114031
114039
114018
114032
114036
114033
114026
114027
114020
114021
114041
114042
114024
114025
114168
114162
114163
114164
114157
114148
114155
114160
114149
114161
114156
114151
114152
114170
114171
114172
114173
114169
114142
114143
114180
114181
114192
114194
114184
114186
114196
114182
114193
114187
114185
114195
114206
114209
114204
114208
114214
114211
114212
114215
114219
114216
114217
114220
114221
114222
114223
114228
114224
114225
114226
114227
114240
114242
114237
114229
114236
114241
114239
114232
114233
114231
114235
114238
114234
114230
114247
114243
114246
114244
114245
114248
114249
114251
114250
114252
114288
114273
114295
114287
114280
114290
114275
114259
114269
114256
114268
114262
114291
114292
114263
114284
114267
114261
114266
114277
114294
114274
114285
114278
114286
114347
114349
114330
114325
114322
114351
114353
114354
114326
114356
114317
114329
114323
114359
114328
114321
114361
114332
114324
114320
114331
114362
114343
114315
114334
114311
114336
114308
114337
114310
114342
114309
114314
114385
114399
114374
114373
114382
114388
114379
114380
114375
114383
114396
114397
114381
114376
114390
114377
114392
114386
114419
114460
114423
114404
114405
114406
114417
114401
114411
114416
114412
114422
114402
114463
114459
114403
114441
114430
114435
114439
114431
114440
114453
114429
114452
114433
114447
114424
114445
114454
114531
114568
114569
114558
114532
114533
114540
114537
114555
114552
114539
114551
114538
114547
114534
114557
114541
114543
114571
114559
114574
114502
114497
114490
114492
114489
114491
114500
114483
114468
114469
114495
114496
114477
114529
114474
114470
114527
114508
114507
114505
114510
114509
114506
114472
114517
114486
114493
114639
114603
114585
114640
114641
114627
114642
114613
114658
114588
114674
114673
114676
114672
114675
114677
114591
114678
114605
114619
114632
114599
114615
114626
114686
114594
434697
434692
434694
434720
434706
434699
434695
434721
434693
434705
434710
434700
434696
434702
434713
434715
434717
434698
434704
434690
434691
434767
434769
434770
434821
434817
434744
434773
434776
434739
434780
434781
434783
434743
434818
434741
434789
434740
434791
434742
434746
434747
434748
434749
434750
434751
434752
434753
434754
434755
434756
434757
434758
434794
434759
434798
434760
434761
434803
434800
434762
434763
434764
434799
434765
434766
434733
434801
434734
434797
434735
434796
434736
434795
434737
434802
434810
434820
434811
434804
434738
434812
434725
434727
434726
434722
434724
434731
434730
435574
435589
435496
435524
435528
435516
435530
435502
435504
435512
435532
435531
435573
435518
435590
435507
435511
435560
435561
435659
435658
435641
435597
435654
435652
435653
435657
435594
435642
435647
435645
435646
435644
435643
435593
435598
435632
435627
435615
435613
435617
435623
435639
435600
435640
435614
435602
435633
435634
435629
435635
435638
435603
435604
435605
435606
435607
435651
435650
435609
435649
435745
435744
435700
435719
435743
435742
435741
435740
435669
435739
435670
435746
435672
435729
435730
435747
435678
435679
435752
435706
435683
435681
435682
435684
435685
435687
435705
435689
435691
435707
435749
435696
435698
435699
435786
435785
435787
435824
435822
435788
435853
435852
435789
435833
435856
435834
435835
435812
435846
435814
435847
435845
435796
435811
435848
435797
435817
435832
435855
435831
435798
435841
435844
435813
435843
435799
435800
435801
435825
435842
435802
435820
435803
435837
435838
435821
435829
435818
435805
435807
435871
435859
435880
435870
435907
435888
435906
435959
435887
435862
435876
435863
435895
435877
435865
435899
435861
435944
435900
435901
435902
435950
435903
435904
435951
435905
435934
435956
435860
435961
435965
435964
435963
435962
436023
435966
435967
436008
435992
436029
436003
436028
436004
435968
436027
436005
436026
436025
435991
436024
435990
436010
436012
435969
435970
435971
435972
435974
436022
436038
436037
436021
435981
435982
435983
436016
436015
436014
436006
436065
436054
436053
436064
436052
436051
436087
436086
436085
436068
436069
436070
436071
436072
436066
436100
436103
436102
436104
436105
436106
436089
436090
436050
436062
436046
436059
436092
436093
436094
436095
436045
436047
436111
436112
436109
436110
436107
436108
436750
436742
436749
436743
436744
436748
436745
436747
436746
436753
436751
436755
436752
436756
436754
436757
436829
436821
436830
436805
436777
436765
436772
436767
436768
436766
436764
436776
436802
436819
436826
436827
436783
436782
436781
436835
436803
436786
436809
436810
436799
436813
436788
436798
436815
436797
436780
436816
436817
436792
436790
436814
436793
436789
436804
436769
436770
436771
436836
436837
436843
436844
436846
436849
436847
436845
436848
436842
436851
436841
436840
436850
436839
436852
436838
436858
436854
436853
436856
436857
436855
436859
436867
436876
436865
436868
436873
436874
436862
436860
436870
436861
436872
436869
436863
436875
436864
436866
436871
436882
436884
436885
436877
436883
436878
436879
436880
436881
436886
436887
436890
436889
436888
436891
436892
436899
436897
436898
436893
436894
436895
436896
436900
436906
436901
436902
436903
436908
436904
436907
436905
436909
436912
436910
436911
436916
436913
436914
436915
436917
436925
436918
436923
436919
436926
436927
436928
436924
436920
436922
436921
436929
436939
436938
436930
436933
436934
436937
436936
436935
436932
436931
436940
436941
436967
436942
436943
436944
436968
436962
436959
436957
436956
436964
436955
436963
436945
436954
436953
436952
436960
436961
436966
436946
436969
436970
436971
436972
436973
437186
437212
437187
437213
437202
437207
437191
437204
437193
437203
437196
437197
437208
437198
437195
437206
437199
437200
437233
437214
437230
437215
437217
437219
437221
437222
437232
437224
437226
437227
437228
437229
437415
437404
437422
437416
437423
437417
437418
437413
437408
437414
437409
437410
437412
437411
437457
437473
437482
437474
437475
437429
437430
437431
437471
437432
437433
437436
437472
437438
437439
437468
437464
437480
437465
437443
437459
437444
437452
437460
437447
437448
437451
437449
437453
437540
437539
437538
437494
437530
437558
437559
437578
437560
437515
437508
437513
437506
437531
437509
437523
437562
437563
437577
437564
437565
437582
437583
437586
437584
437589
437585
437587
437588
437723
437719
437720
437717
437707
437718
437704
437702
437709
437701
437710
437726
437727
437728
437696
437729
437697
437731
437730
437733
437732
116170
116169
116168
116167
116166
116165
116164
116163
116153
116162
116161
116160
116159
116158
116154
116180
116181
116189
116151
116152
116190
116205
116206
116209
116207
116208
116210
116214
116216
116211
116217
116212
116213
116218
116215
116219
116221
116220
116228
116229
116231
116223
116230
116224
116232
116234
116225
116236
116233
116226
116235
116227
116266
116255
116264
116256
116260
116261
116263
116257
116258
116265
116262
116259
116269
116267
116268
116270
116277
116271
116272
116276
116275
116273
116274
116279
116278
116315
116283
116319
116285
116320
116314
116326
116288
116290
116293
116294
116296
116313
116301
116304
116306
116307
116308
116310
116328
116329
116335
116330
116336
116334
116331
116332
116333
116337
116377
116339
116378
116340
116363
116343
116362
116347
116359
116370
116341
116360
116348
116355
116367
116366
116365
116338
116364
116395
116400
116401
116394
116392
116399
116391
116402
116398
116403
116396
116393
116397
116404
116410
116412
116409
116415
116411
116408
116416
116407
116413
116414
116406
116405
116446
116450
116445
116444
116456
116443
116455
116454
116461
116460
116459
116458
116457
116447
116440
116449
116453
116439
116494
116512
116486
116487
116498
116504
116503
116502
116501
116509
116485
116484
116483
116482
116497
116496
132182
132173
132183
132185
132181
132184
132172
132180
132174
132186
132187
132175
132188
132190
132176
132189
132177
132178
132191
132179
132193
132194
132192
132195
132205
132224
132219
132220
132213
132200
132231
132206
132202
132207
132232
132204
132212
132203
132225
132226
132229
132217
132216
132233
157123
157127
157128
157132
157124
157131
157125
157130
157126
157129
157155
157149
157154
157133
157148
157134
157156
157147
157144
157143
157151
157145
157142
157141
157150
157136
157146
157138
157140
157153
157152
157137
157139
157135
157159
157157
157158
157160
157165
157164
157161
157162
157163
157166
157172
157167
157174
157169
157176
157175
157173
157168
157170
157171
157177
157184
157183
157185
157182
157178
157179
157180
157181
157186
157187
157188
157190
157189
157191
157196
157197
157192
157193
157194
157195
157198
157199
157200
157204
157207
157206
157205
157201
157202
157208
157203
157209
157213
157212
157211
157210
157216
157214
157215
157217
157219
157220
157218
157221
157222
157225
157223
157224
157227
157226
157228
157624
157635
157627
157631
157626
157629
157625
157632
157628
157633
157630
157623
157634
157562
157565
157564
157563
157614
157587
157610
157579
157609
157586
157608
157585
157607
157584
157606
157583
157576
157605
157582
157604
157581
157603
157577
157602
157574
490240
490239
490216
490228
490227
490226
490230
490212
490225
490215
490214
490232
490231
490233
490234
490284
490290
490293
490285
490280
490292
490294
490296
490291
490295
490286
490287
490281
490282
490283
490288
490298
490297
490289
490301
490303
490300
490302
490304
490305
490322
490323
490327
490324
490333
490328
490332
490325
490329
490330
490326
490331
490334
490335
490345
490422
490423
490346
490336
490426
490425
490337
490372
490384
490415
490390
490391
490392
490393
490394
490395
490396
490397
490398
490375
490399
490363
490420
490386
490362
490369
490338
490368
490356
490355
490340
490354
490353
490352
490341
490358
490342
490351
490359
490350
490343
490349
490347
490348
490339
490344
490427
490429
490428
490433
490431
490436
490446
490445
490443
490444
490434
490437
490438
490439
490441
490430
490440
490442
490432
490435
490458
490457
490447
490459
490449
490460
490461
490456
490448
490450
490455
490454
490451
490619
490618
490616
490615
490631
490632
490633
490603
490637
490638
490604
490605
490636
490606
490625
490627
490607
490639
490628
490682
490683
490685
490713
490710
490705
490694
490693
490692
490691
490690
490707
490687
490689
490688
490704
490703
490684
490706
490714
490719
490686
490720
490721
490767
490765
490766
490738
490727
490731
490761
490740
490757
490733
490773
490747
490749
490736
490748
490955
490956
490968
490966
490967
490962
490957
490960
490983
490984
491017
490969
491014
491015
491012
491013
491010
491011
491009
490970
490971
490972
490997
490989
490990
490985
490991
490988
490986
490992
490993
490994
490995
490975
491000
490976
490977
490980
490978
491029
491024
491025
491027
491028
491019
491020
491026
491031
491043
491039
157997
158013
158008
157999
158016
158000
157966
157967
157928
157929
157882
157881
157950
157947
157930
157943
157918
157884
157887
157889
157891
157931
157892
157965
157962
157936
157897
157941
157901
157906
157909
157925
157957
157956
157919
157955
157954
157910
157922
157934
157913
157915
157917
157963
158024
158018
158026
158037
158028
158030
158032
158034
158040
158020
158022
158036
158039
158105
158107
158101
491147
491156
491146
491079
491115
491117
491119
491121
491123
491124
491141
491080
491105
491104
491098
158047
158063
158048
158070
158080
158076
158065
158051
158078
158079
158077
158052
158340
158267
158265
158276
158277
158282
158290
158257
158281
158269
158258
158280
158289
158259
158278
158272
158268
158279
158273
158260
158240
158243
158245
158248
158236
158247
158237
158246
158238
158254
158255
158239
158171
158166
158172
158164
158187
158203
158198
158197
158176
158177
158193
158178
158204
158194
158205
158196
158295
158296
158313
158312
158310
158303
158294
158305
158308
158309
158299
158314
158300
158301
158302
158304
158315
158330
158323
158316
158324
158317
158321
158325
158318
158329
158319
158328
158322
158326
158320
158327
158331
158332
158334
158333
158335
158336
158341
158350
158349
158346
158343
158348
158344
158347
158345
158342
158360
158351
158353
158358
158354
158357
158355
158356
158352
158359
158369
158361
158362
158363
158364
158374
158373
158365
158372
158371
158366
158370
158368
158367
158376
158375
158377
158378
158379
160138
160166
160167
160143
160144
160145
160169
160187
160170
160236
160199
160201
160189
160210
160209
160208
160207
160206
160205
160204
160203
160202
160234
160224
160223
160222
160177
160179
160151
160152
160153
160141
160245
160237
160238
160239
160240
160241
160246
160242
160243
160244
160247
160248
160249
160250
160295
160253
160251
160252
160260
160261
160262
160263
160264
160287
160290
160271
160270
160289
160269
160267
160268
160296
160315
160282
160292
160283
160293
160288
160284
160294
160285
160351
160381
160354
160355
160350
160376
160329
160349
160348
160347
160346
160345
160344
160343
160342
160341
160363
160328
160324
160361
160360
160325
160326
160396
160359
160327
160395
160394
160393
160392
160391
160373
160372
160481
160451
160397
160398
160474
160399
160416
160417
160404
160429
160425
160426
160427
160428
160424
160477
160497
160447
160496
160495
160448
160494
160458
160412
160493
160457
160449
160450
160439
160454
160478
160436
160413
160414
160473
160522
160540
160541
160555
160542
160558
160551
160559
160561
160560
160543
160544
160546
160545
160662
160654
160663
160655
160661
160656
160657
160658
160659
160660
160664
160665
160643
160644
160645
160651
160652
160650
160646
160647
160648
160653
160649
160670
160668
160667
160669
160666
160677
160676
160675
160674
160671
160673
160672
160678
160717
160708
160699
160709
160716
160679
160710
160680
160715
160681
160764
160723
160724
160747
160748
160749
160750
160722
160751
160752
160692
160718
160719
160691
160690
160700
160697
160689
160713
160701
160688
160739
160726
160727
160728
160729
160730
160731
160732
160733
158983
159018
159019
159020
158995
158984
159016
159017
159015
158990
158994
158985
158986
158987
158992
159014
158993
159013
159000
159001
159012
159010
158991
159009
159011
158988
158989
158766
158715
158977
158976
158975
158831
158978
158716
158974
158776
158973
158971
158972
158969
158970
158979
158718
158907
158767
158763
158913
158745
158911
158912
158910
158764
158720
158721
158909
158908
158724
158843
158775
158841
158723
158842
158756
158726
158792
158844
158845
158846
158728
158847
158772
158848
158773
158850
158777
158849
158729
158778
158727
158858
158779
158774
158780
158725
158840
158781
158874
158873
158872
158871
158870
158869
158868
158867
158866
158865
158747
158864
158883
158748
158798
158799
158839
158800
158816
158838
158801
158817
158837
158802
158818
158836
158803
158834
158833
158835
158830
158804
158796
158832
158795
158859
158794
158819
158732
158821
158820
158822
158733
158823
158734
158824
158735
158825
158736
158826
158737
158827
158738
158765
158739
158916
158740
158783
158741
158789
158790
158918
158828
158791
158915
158742
158788
158743
158787
158744
158784
158785
158786
158914
159021
159029
159040
159030
159038
159039
159022
159037
159036
159035
159031
159023
159032
159027
159033
159024
159028
159034
159025
159026
159066
159081
159067
159080
159079
159113
159114
159115
159116
159117
159118
159119
159120
159055
159087
159074
159062
159073
159050
159088
159051
159072
159052
159063
159089
159071
159090
159049
159096
159097
159098
159099
159109
159100
159101
159102
159103
159110
159084
159083
159078
159093
159130
159129
159053
159131
159128
159127
159054
159065
160773
160765
160778
160777
160766
160775
160776
160774
160767
160789
160788
160771
160786
160787
160768
160785
160784
160783
160782
160772
160781
160769
160770
160779
160780
160795
160791
160794
160793
160792
160790
160799
160796
160800
160797
160801
160798
160802
160803
160807
160808
160804
160806
160805
163407
163397
163423
163408
163409
163422
163398
163421
163419
163420
163418
163399
163417
163416
163403
163415
163410
163400
163404
163414
163401
163411
163402
163413
163412
163405
163406
163424
163425
163464
163536
163585
163584
163465
163535
163461
163457
163480
163482
163484
163433
163488
163539
163496
163438
163513
163514
163444
163502
163556
163557
163505
163549
163507
163548
163447
163586
163587
163601
163599
163598
163605
163588
163593
163589
163597
163592
163603
163596
163595
163594
163604
163590
163600
163591
163602
163663
163661
163665
163669
163666
163662
163668
163667
163664
163671
163670
163690
163676
163677
163689
163687
163680
163688
163672
163686
163684
163673
163685
163679
163683
163674
163682
163675
163681
163678
163703
163695
163702
163701
163700
163699
163694
163693
163698
163697
163691
163696
163692
163704
163708
163707
163706
163705
163711
163709
163716
163717
163710
163714
163715
163713
163712
163755
163727
163753
163754
163751
163752
163745
163744
163743
163742
163725
163741
163740
163739
163738
163750
163728
163748
163749
163747
163726
163746
163762
163766
163760
163767
163759
163765
163756
163764
163758
163761
163757
163763
163768
163772
163769
163773
163776
163774
163771
163770
163775
163779
163778
163777
163780
163805
163800
163803
163804
163781
163802
163862
163863
163861
163860
163795
163858
163857
163859
163783
163782
163798
163853
163784
163849
163848
163852
163851
163850
163799
163786
163796
163830
163788
163797
163791
163831
163793
163832
163833
163836
163834
163835
163837
163801
163864
163871
163874
163870
163868
163873
163867
163865
163872
163869
163866
163876
163875
163908
163907
163932
163931
163930
163929
163928
163927
163926
163879
163898
163911
163877
163899
163890
163912
163900
163915
163914
163913
163878
163901
163887
163902
163881
163950
163948
163949
163885
163951
163945
163944
163894
163954
163952
163893
163884
163953
163892
163910
163891
163909
163963
163958
163960
163964
163962
163959
163961
163965
164000
163990
163991
163970
163969
163985
163983
163966
163967
163982
163984
163968
163989
163971
163992
163973
163997
163975
163999
163996
163998
163976
163993
163979
163995
163994
164001
498319
498320
498328
498321
498397
498327
498399
498322
498398
498326
498323
498426
498427
498324
498329
498425
498424
498436
498435
498434
498433
498432
498388
498387
498431
498386
498385
498384
498412
498383
498382
498413
498381
498380
498349
498348
498325
498347
498346
498330
498344
498345
498404
499213
499234
499235
499223
499225
499222
499227
499226
499214
499215
499216
499217
499228
499229
499218
499233
499224
499232
499231
499219
499220
499221
499230
499236
499246
499237
499247
499248
499238
499239
499240
499244
499241
499242
499243
499245
499249
499250
499252
499251
499253
499260
499254
499255
499256
499257
499267
499261
499266
499258
499265
499262
499263
499259
499264
499268
499271
499273
499276
499274
499269
499275
499277
499272
499278
499270
164340
164268
164272
164274
164279
164489
164482
164329
164481
164284
164286
164331
164488
164487
164330
164486
164485
164288
164483
164379
164484
164302
164385
164384
164289
164383
164382
164309
164380
164381
164308
164378
164290
164406
164407
164408
164409
164410
164335
164429
164367
164430
164321
164368
164431
164323
164369
164432
164324
164370
164434
164433
164322
164435
164436
164437
164438
164439
164440
164441
164442
164443
164444
164445
164446
164447
164448
164449
164450
164451
164452
164468
164426
164295
164425
164339
164296
164297
164298
164299
164491
164492
164493
164495
164494
164496
164497
164498
164499
164500
164503
164501
164504
164502
164505
164506
164507
164508
164509
164510
164511
164514
164513
164512
165978
165959
165970
165977
165989
165971
165990
165972
165991
165973
165992
165960
165961
165969
165962
165994
165995
165996
165993
165968
165997
165963
165964
166341
166340
166342
166339
166338
166344
166345
166343
166347
166346
166348
166349
166350
166351
166356
166359
166352
166353
166358
166354
166357
166355
166360
166361
166362
166363
166364
166365
166367
166366
166368
166369
166370
166371
166376
166378
166375
166374
166377
166372
166373
166379
166380
166392
166381
166382
166383
166384
166385
166390
166386
166387
166389
166388
166391
166393
166394
166395
166396
166397
169846
169847
169848
169849
169850
169852
169851
169859
169853
169854
169858
169855
169857
169856
169860
169861
169862
169863
169864
169877
169875
169887
169865
169866
169886
169873
169885
169889
169888
169871
169872
169891
169890
169867
169878
169868
169884
169883
169874
169881
169882
169869
169880
169879
169870
169876
169893
169894
169892
169895
169898
169896
169897
169899
169900
169901
169902
169911
169909
169903
169904
169905
169907
169908
169910
169906
169912
169937
169917
169935
169936
169918
169913
169927
169930
169926
169914
169929
169925
169928
169919
169915
169924
169916
169922
169923
169921
169920
170038
169974
170040
169975
169964
169968
170039
169938
169973
170018
170017
170015
170016
169969
170014
170013
170012
169943
169942
169958
170011
169945
170010
169959
169967
169987
169985
169946
169960
169986
169948
169950
169966
169952
170033
170034
170035
169965
170037
170036
169972
169970
169981
169971
169954
169955
169956
170165
170166
170161
170167
170162
170164
170163
170168
170169
170170
170176
170175
170171
170174
170177
170173
170172
170178
177364
177363
177353
177354
177355
177356
177368
177357
177371
177358
177369
177365
177367
177359
177370
177366
177360
177361
177362
177376
177372
177373
177375
177374
177377
177379
177378
177380
177391
177381
177382
177392
177383
177384
177385
177386
177389
177387
177393
177390
177388
177404
177394
177407
177395
177396
177411
177405
177406
177397
177398
177399
177409
177400
177410
177401
177403
177402
177408
177417
177416
177414
177412
177415
177413
177426
177428
177418
177425
177419
177427
177420
177421
177422
177429
177423
177430
177424
177431
177436
177435
177434
177432
177433
177437
177439
177440
177438
177441
177442
177505
177506
177443
177509
177508
177507
177444
177480
177503
177504
177445
177478
177485
177457
177453
177467
177476
177454
177479
177466
177473
177494
177493
177492
177491
177490
177489
177488
177487
177486
177468
177477
177462
177510
177532
177541
177540
177539
177538
177537
177536
177533
177531
177528
177529
177535
177530
177548
177545
177544
177546
177550
177547
177549
177543
177553
177554
177551
177552
177558
177555
177557
177561
177562
177563
177556
177559
177560
177569
177564
177565
177572
177566
177567
177568
177570
177571
177573
177585
177589
177574
177590
177575
177586
177576
177588
177577
177578
177579
177580
177581
177591
177582
177587
177583
177584
177592
177593
177598
177596
177597
177595
177594
177603
177606
177605
177599
177602
177608
177601
177607
177600
177604
177609
177610
177611
177616
177612
177613
177615
177614
177617
177618
177623
177621
177619
177622
177620
177624
177625
177628
177627
177629
177626
178078
178079
178077
178080
178081
178093
178096
178097
178087
178082
178098
178090
178083
178101
178100
178104
178106
178103
178089
178086
178085
178088
178112
178108
178109
178113
178110
178111
178107
178114
178115
178142
178137
178116
178144
178117
178143
178118
178145
178119
178136
178120
178159
178190
178215
178169
178168
178219
178173
178197
178191
178164
178206
178205
178204
178203
178202
178179
178180
178174
178210
178209
178208
178207
178230
178212
178192
178228
178193
178227
178166
178226
178194
178225
178195
178224
178165
178223
178196
178588
178580
178587
178576
178586
178581
178585
178582
178575
178583
178584
178579
178577
178578
178612
178662
178624
178656
178596
178621
178657
178664
178598
178663
178658
178597
178659
178634
178660
178591
178661
178613
178670
178620
178603
178619
178604
178641
178599
178600
178618
178589
178628
178595
178694
178679
178701
178699
178700
178684
178682
178683
178698
178681
178697
178678
178680
178748
178723
178707
178710
178739
178736
178737
178713
178741
179131
179127
179128
179102
179139
179125
179112
179124
179140
179083
179092
179115
179113
179093
179094
179186
179164
179169
179163
179160
179156
179188
179157
179180
179179
179181
179162
179187
179161
179182
179184
179190
179200
179199
179194
179201
179198
179196
179205
179204
179209
179222
179218
179230
179229
179211
179224
179223
179215
179210
179226
179227
179213
179228
179231
179241
179242
179243
179244
179265
179245
179236
179235
179234
179233
179261
179253
179254
179260
179259
179258
179281
179282
179283
179286
179284
179278
179273
179287
179289
179288
179290
179291
179268
179269
179292
179293
179294
179267
179295
179274
179270
179297
179296
179298
179266
179275
179271
179277
179272
179728
179735
179749
179727
179707
179703
179746
179706
179745
179698
179744
179716
179705
179743
179700
179742
179704
179729
179721
179757
179720
179756
179750
179755
179719
179718
179773
179765
179717
179763
179733
179734
179693
179715
179759
179768
179692
179760
179762
179761
179714
179769
179731
179770
179696
179758
179771
179713
179732
179747
179697
179799
179779
179798
179778
179777
179776
179791
179783
179790
179784
179775
179781
179792
179782
179793
179780
179825
179880
179879
179824
179853
179884
179863
179839
179875
179817
179876
179810
179866
179838
179874
179858
179847
179814
179846
179827
179826
179828
179815
179902
179907
179896
179909
179899
179916
179891
179917
179901
179892
179888
179897
179912
179887
179913
179904
179930
179931
179933
179921
179975
179972
179951
179942
179925
179969
179968
179926
179955
179956
179957
179932
179958
179944
179959
179971
179952
179935
179937
179963
179949
179962
180052
180055
180054
180033
180056
180037
180031
180030
180041
180029
180040
180039
180026
180061
180038
180028
180027
514760
514763
514757
514762
514756
514761
514755
514758
514759
514779
514769
514772
514766
514771
514768
514778
514773
514765
514774
514777
514767
514770
514764
514775
514776
514780
514790
514789
514792
514788
514791
514784
514785
514781
514787
514786
514782
514783
514798
514796
514797
514793
514794
514795
514799
514800
514801
514827
514805
514825
514807
514826
514824
514823
514822
514802
514821
514820
514806
514819
514828
514829
514818
514803
514817
514816
514808
514815
514814
514804
514854
514875
514830
514855
514874
514831
514886
514887
514872
514871
514832
514870
514869
514868
514860
514867
514856
514866
514857
514865
514848
514864
514863
514862
514833
514861
514901
514888
514849
514900
514899
514898
514835
514890
514853
514837
514892
514850
514891
514844
514840
514908
514889
514847
514907
514858
514859
516979
516951
516978
516965
516952
516967
516998
516969
516999
516997
516954
517001
517002
516956
517010
516958
516991
516992
516973
516974
516996
516976
516959
517011
516977
517004
516960
516989
517015
516988
517017
516987
517012
516986
516985
516984
516982
517025
517018
517023
517022
517027
517019
517026
517021
517020
181862
181861
181863
181872
181864
181866
181873
181881
181867
181915
181917
181913
517031
517033
517034
517032
517035
517037
517028
517029
517038
517036
517030
517039
517042
517040
517043
517041
517044
517045
517046
517047
517048
517049
517050
517052
517053
517051
517054
517056
517055
517057
517059
517060
517058
517077
517110
517107
517157
517156
517117
517136
517088
517102
517104
517103
517148
517120
517149
517105
517150
517096
517151
517094
517152
517131
517078
517106
517119
517132
517108
517118
517082
517083
517116
517084
517085
517086
517087
517847
517857
517852
517848
517849
517855
517854
517850
517853
517856
517851
517858
517887
517869
517881
517870
517873
517874
517878
517875
517859
517876
517879
517884
517880
517860
517889
517890
517894
517891
517895
517892
517896
517893
517897
517898
517904
517903
517899
517900
517902
517905
517901
517915
517906
517911
517907
517912
517910
517908
517914
517913
517909
517916
517917
517937
517938
517939
517940
517941
517943
517919
517920
517934
517921
517922
517923
517924
517933
517925
517932
517931
517926
517935
517927
517928
517952
517958
517959
517953
517956
517957
517954
517955
517947
517948
517945
517946
517949
517950
517951
517960
517971
517961
517962
517969
517963
517977
517964
517976
517965
517966
517975
517967
517974
517972
517968
517970
517973
518055
518059
518058
518060
518057
518056
518061
518062
517978
517994
517979
517987
517980
517988
517981
517989
517990
517991
517992
517982
517985
517993
517986
517983
517984
518021
518008
518009
517998
517995
517996
518002
518000
517999
518001
518003
517997
518139
518122
518098
518120
518138
518121
518099
518137
518100
518123
518126
518107
518136
518106
518104
518105
518133
518134
518132
518131
518128
518116
518129
518102
517772
517778
517791
517773
517796
517774
517795
517779
517783
517794
517792
517785
517775
517776
517780
517777
517786
517784
517781
517809
517845
517836
517810
517838
517837
517811
517817
517842
517823
517824
517825
517826
517818
517841
517827
517828
517829
517819
517812
517846
517844
517840
517839
517835
517813
517814
517816
517815
517798
517808
517799
517806
517800
517807
517801
517804
517805
517802
517803
520375
520376
520373
520377
520374
520353
520348
520355
520349
520354
520350
520352
520351
520371
520370
520372
520356
520368
520357
520367
520358
520359
520360
520364
520369
520366
520361
520365
520362
520363
520402
520404
520403
520438
520378
520390
520379
520401
520408
520391
520389
520396
520411
520382
520407
520412
520395
520413
520392
520415
520416
520414
520397
520440
520385
520439
520386
520432
520431
520387
520393
520424
520388
520423
520406
520420
520419
520427
520428
520405
520236
520225
520237
520235
520326
520292
520325
520302
520328
520329
520327
520344
520293
520294
520295
520298
520300
520338
520341
520332
520335
520342
520296
520337
520299
520343
520331
520297
520330
520324
520323
520309
520304
520310
520311
520305
520312
520307
520313
520780
520779
520794
520785
520786
520783
520782
520787
520784
520788
520777
520773
520774
520775
520722
520733
520723
520734
520771
520724
520725
520726
520739
520737
520738
520727
520735
520728
520770
520729
520730
520731
520732
520740
520736
520744
520750
520741
520809
520824
520804
520806
520828
520826
520816
520821
520815
520814
520798
520799
520802
520800
520803
520801
520860
520861
520884
520832
520883
520886
520833
520866
520885
520862
520894
520898
520838
520891
520863
520890
520841
520867
520839
520880
520868
520893
520869
520895
520834
520870
520871
520835
520877
520837
520854
520842
520845
520846
521132
521110
521155
521135
521136
521133
521140
521149
521112
521144
521143
521128
521130
521114
520847
520859
520848
520849
520887
520888
520852
520856
520857
520858
520985
520952
520953
521182
521183
521184
521185
521201
521186
521187
521188
521189
521179
521200
521180
521190
521191
521192
521181
521213
521230
521203
521214
521215
521216
521229
521210
521204
521211
521228
521217
521205
521206
521212
521226
521225
521224
521227
521223
521222
521221
521207
521219
521220
521218
521208
521232
521209
521231
521245
521246
521247
521233
521248
521278
521277
521234
521235
521274
521275
521236
521240
521254
521250
521253
521276
521273
521243
521251
521264
521263
521262
521252
521261
521260
521242
521249
521266
521265
521238
521270
521269
521271
521268
521267
521237
521272
521239
521241
521259
521258
521255
521257
521256
521244
521279
521280
521285
521281
521283
521284
521898
521899
521912
521914
521913
521894
521915
521905
521916
521896
521917
521897
521900
521908
521910
183118
183129
183131
183120
183144
183123
183133
183143
183141
183121
183154
183155
183153
183160
183150
183149
183146
183158
183159
183147
183161
183162
183167
183165
183163
183168
183166
183169
183164
183175
183173
183174
183176
183170
183171
183172
183185
183197
183179
183206
183198
183203
183210
183180
183209
183187
183208
183182
183189
183200
183194
183223
183195
183222
183221
183220
183219
183218
183244
183240
183241
183239
183238
183237
183224
183225
183229
183226
183227
183228
183250
183245
183246
183249
183252
183247
183251
183248
183253
183254
183255
183256
183275
183267
183268
183269
183280
183281
183302
183270
183301
183282
183300
183271
183303
183272
183304
183273
183305
183287
183274
183258
183259
183260
183306
183307
183308
183309
183310
183311
183312
183314
183313
183315
183316
183317
183318
183319
183321
183322
183323
183320
183324
183325
183331
183328
183326
183330
183329
183327
183373
183362
183361
183332
183333
183334
183357
183335
183336
183337
183366
183352
183345
183365
183353
183346
183354
183364
183355
183347
183363
183356
183338
183372
183339
183340
183341
183360
198815
198816
200034
200036
200035
200038
200037
200039
200049
200040
200041
200042
200048
200047
200043
200046
200045
200044
200050
200051
200052
200053
200054
200055
200056
200057
200065
200066
200067
200102
200101
200091
200092
200093
200094
200068
200097
200096
200095
200069
200098
200070
200071
200073
200061
200062
200105
200106
200104
200063
200108
200107
200109
200110
200111
200114
200112
200113
200115
200116
200117
200118
200119
200128
200120
200127
200123
200121
200124
200125
200126
200122
200130
200129
200131
200132
200141
200133
200134
200136
200138
200143
200135
200137
200144
200150
200162
200156
200163
200149
200155
200164
200154
200165
200148
200161
200145
200146
200147
200168
200169
200170
200217
200182
200212
200210
200171
200179
200173
200186
200187
200188
200189
200190
200176
200191
200192
200193
200194
200207
200174
200178
200177
200218
200225
200224
200223
200222
200221
200220
200219
200232
200231
200230
200226
200229
200227
200228
200233
200234
200235
200236
200237
200238
200240
200241
200239
200242
200243
200277
200244
200269
200266
200263
200248
200276
200275
200256
200247
200255
200246
200254
200253
200271
200270
200281
200282
200278
200279
200283
200284
200285
200286
200319
200315
200295
200318
200306
200293
200296
200311
200305
200301
200308
200310
200300
200314
200287
200323
200288
200289
200290
200328
200291
200331
200332
200334
200330
200333
200329
200335
200343
200367
200366
200344
200363
200395
200368
200369
200396
200337
200336
200364
200362
200397
200338
200386
200347
200387
200339
200382
200393
200340
543941
543943
543940
543942
543935
543937
543910
543901
543933
543962
543958
543961
543957
543979
543956
543960
543978
543955
543977
543959
543976
543896
543966
543983
543975
543954
543953
543980
543969
543952
543951
543965
543950
543964
543981
543949
543970
543948
543967
543945
543971
543944
543982
543974
543968
543972
544023
544019
543987
544022
544021
544020
543986
544008
543989
544018
544024
543991
544004
544003
544006
544002
544001
544000
543999
543990
544017
543985
544014
544005
543984
544029
544030
544070
544028
544032
544049
544034
544035
544053
544038
544055
544039
544071
544072
544040
544041
544056
544059
544060
544042
544063
544044
544064
544045
544067
544068
544109
544105
544078
544077
544123
544074
544073
544124
544075
544126
544121
544076
544125
544131
544079
544082
544104
544086
544120
544095
544113
544115
544097
544117
544100
544099
544114
544112
544119
544094
544111
544148
544153
544147
544146
544152
544145
544149
544144
544143
544154
544151
544150
544142
544141
544176
544171
544175
544169
544170
544168
544167
544166
544174
544165
544163
544161
544160
544158
544156
544155
544172
544173
544157
544159
544162
544164
544219
544194
544177
544178
544179
544180
544195
544181
544182
544197
544192
544199
544189
544198
544232
544233
544235
544234
544231
544229
544227
544226
544225
544220
544242
544244
544252
544256
544255
544258
544245
544250
544248
544243
544725
544753
544726
544751
544752
544755
544757
544758
544756
544754
544750
544748
544747
544746
544745
544722
544770
544742
544761
544767
544760
544766
544765
544779
544793
544800
544787
544815
544814
544813
544812
544811
544810
544790
544826
544784
544819
544785
544827
544791
544809
544808
544807
544786
544789
544796
544897
544900
544855
544920
544921
544923
544915
544922
544916
544867
544860
544875
544904
544873
544903
544871
544870
544902
544872
544901
544874
544861
544864
544856
544853
544859
544896
544932
544956
544955
544954
544952
544950
544949
544948
544946
544944
544943
544941
544940
544959
544938
544936
544935
544957
544926
544934
544958
544925
544852
544847
544845
544844
544843
544846
544851
544842
544841
544840
544850
544839
544838
544837
544849
544836
544835
544848
544834
544833
544637
544638
544640
544639
544641
544642
544643
544644
544645
544646
544696
544698
544697
544700
544699
544701
544680
544679
544683
544691
544694
544688
544687
544689
544710
544709
544708
544707
544706
544705
544704
544703
544720
544677
544676
544675
544674
544673
544672
544670
544671
544669
544668
544651
201035
201046
201045
201044
201043
201033
544653
544649
544650
544648
544647
544652
544656
544666
544655
544654
544664
544663
544665
544662
544661
544660
544659
544658
544657
544667
545096
545095
545094
545090
545092
545093
545091
545100
545101
545099
545098
545097
545102
545105
545104
545103
545106
545110
545109
545108
545107
545112
545111
545114
545113
545117
545116
545118
