2500 4900
0 50 2
0 1 5
1 51 9
1 2 6
2 52 2
2 3 3
3 53 3
3 4 2
4 54 2
4 5 5
5 55 6
5 6 10
6 56 9
6 7 7
7 57 2
7 8 6
8 58 9
8 9 9
9 59 3
9 10 1
10 60 5
10 11 4
11 61 6
11 12 8
12 62 10
12 13 5
13 63 3
13 14 4
14 64 4
14 15 4
15 65 1
15 16 7
16 66 6
16 17 7
17 67 3
17 18 1
18 68 6
18 19 10
19 69 10
19 20 2
20 70 1
20 21 8
21 71 4
21 22 9
22 72 1
22 23 5
23 73 10
23 24 3
24 74 9
24 25 1
25 75 10
25 26 3
26 76 10
26 27 7
27 77 8
27 28 7
28 78 1
28 29 10
29 79 4
29 30 10
30 80 7
30 31 8
31 81 10
31 32 2
32 82 6
32 33 10
33 83 10
33 34 7
34 84 9
34 35 3
35 85 4
35 36 4
36 86 10
36 37 3
37 87 10
37 38 6
38 88 6
38 39 6
39 89 3
39 40 2
40 90 8
40 41 5
41 91 6
41 42 4
42 92 4
42 43 4
43 93 2
43 44 3
44 94 2
44 45 1
45 95 9
45 46 5
46 96 10
46 47 2
47 97 4
47 48 9
48 98 10
48 49 5
49 99 8
50 100 9
50 51 3
51 101 1
51 52 9
52 102 2
52 53 5
53 103 1
53 54 8
54 104 9
54 55 7
55 105 7
55 56 10
56 106 2
56 57 10
57 107 9
57 58 8
58 108 8
58 59 10
59 109 5
59 60 8
60 110 1
60 61 2
61 111 6
61 62 2
62 112 4
62 63 6
63 113 7
63 64 7
64 114 2
64 65 6
65 115 5
65 66 6
66 116 9
66 67 4
67 117 7
67 68 6
68 118 5
68 69 8
69 119 4
69 70 10
70 120 7
70 71 10
71 121 10
71 72 8
72 122 2
72 73 1
73 123 2
73 74 9
74 124 2
74 75 9
75 125 3
75 76 1
76 126 2
76 77 10
77 127 4
77 78 5
78 128 9
78 79 3
79 129 5
79 80 9
80 130 4
80 81 2
81 131 5
81 82 6
82 132 4
82 83 3
83 133 4
83 84 5
84 134 4
84 85 8
85 135 5
85 86 8
86 136 9
86 87 6
87 137 5
87 88 7
88 138 10
88 89 4
89 139 2
89 90 10
90 140 6
90 91 6
91 141 10
91 92 7
92 142 9
92 93 8
93 143 8
93 94 8
94 144 6
94 95 4
95 145 3
95 96 9
96 146 7
96 97 3
97 147 1
97 98 10
98 148 1
98 99 10
99 149 10
100 150 6
100 101 1
101 151 4
101 102 2
102 152 2
102 103 4
103 153 2
103 104 7
104 154 9
104 105 1
105 155 5
105 106 4
106 156 10
106 107 9
107 157 1
107 108 4
108 158 9
108 109 3
109 159 2
109 110 5
110 160 10
110 111 6
111 161 7
111 112 7
112 162 9
112 113 6
113 163 2
113 114 5
114 164 4
114 115 3
115 165 10
115 116 10
116 166 1
116 117 3
117 167 6
117 118 8
118 168 8
118 119 4
119 169 3
119 120 10
120 170 3
120 121 7
121 171 5
121 122 10
122 172 7
122 123 5
123 173 3
123 124 8
124 174 4
124 125 2
125 175 4
125 126 5
126 176 1
126 127 6
127 177 8
127 128 6
128 178 7
128 129 9
129 179 4
129 130 3
130 180 8
130 131 6
131 181 6
131 132 7
132 182 3
132 133 9
133 183 4
133 134 8
134 184 1
134 135 1
135 185 5
135 136 5
136 186 4
136 137 7
137 187 3
137 138 3
138 188 2
138 139 6
139 189 2
139 140 3
140 190 7
140 141 3
141 191 4
141 142 1
142 192 10
142 143 5
143 193 8
143 144 7
144 194 9
144 145 5
145 195 7
145 146 7
146 196 10
146 147 5
147 197 6
147 148 1
148 198 4
148 149 2
149 199 10
150 200 9
150 151 9
151 201 10
151 152 9
152 202 8
152 153 5
153 203 8
153 154 3
154 204 9
154 155 6
155 205 6
155 156 3
156 206 10
156 157 2
157 207 2
157 158 2
158 208 3
158 159 7
159 209 6
159 160 8
160 210 7
160 161 5
161 211 2
161 162 9
162 212 4
162 163 9
163 213 1
163 164 1
164 214 1
164 165 10
165 215 8
165 166 6
166 216 9
166 167 9
167 217 7
167 168 6
168 218 6
168 169 6
169 219 5
169 170 4
170 220 6
170 171 2
171 221 8
171 172 2
172 222 9
172 173 5
173 223 5
173 174 2
174 224 7
174 175 2
175 225 10
175 176 9
176 226 1
176 177 3
177 227 8
177 178 1
178 228 5
178 179 2
179 229 9
179 180 7
180 230 4
180 181 9
181 231 5
181 182 7
182 232 6
182 183 9
183 233 7
183 184 8
184 234 3
184 185 2
185 235 8
185 186 2
186 236 4
186 187 1
187 237 3
187 188 5
188 238 8
188 189 3
189 239 7
189 190 7
190 240 1
190 191 4
191 241 9
191 192 7
192 242 8
192 193 1
193 243 9
193 194 4
194 244 7
194 195 5
195 245 6
195 196 1
196 246 3
196 197 5
197 247 4
197 198 9
198 248 8
198 199 7
199 249 5
200 250 6
200 201 5
201 251 5
201 202 5
202 252 10
202 203 2
203 253 1
203 204 3
204 254 4
204 205 6
205 255 7
205 206 4
206 256 10
206 207 4
207 257 6
207 208 5
208 258 7
208 209 4
209 259 6
209 210 9
210 260 1
210 211 9
211 261 2
211 212 3
212 262 7
212 213 9
213 263 1
213 214 3
214 264 4
214 215 5
215 265 1
215 216 1
216 266 4
216 217 7
217 267 2
217 218 1
218 268 10
218 219 9
219 269 10
219 220 9
220 270 8
220 221 8
221 271 9
221 222 7
222 272 1
222 223 7
223 273 6
223 224 6
224 274 4
224 225 6
225 275 2
225 226 9
226 276 8
226 227 6
227 277 2
227 228 9
228 278 4
228 229 1
229 279 3
229 230 4
230 280 4
230 231 7
231 281 4
231 232 8
232 282 6
232 233 7
233 283 10
233 234 6
234 284 2
234 235 8
235 285 9
235 236 7
236 286 7
236 237 4
237 287 10
237 238 2
238 288 10
238 239 7
239 289 3
239 240 1
240 290 3
240 241 2
241 291 8
241 242 5
242 292 8
242 243 7
243 293 6
243 244 4
244 294 5
244 245 1
245 295 9
245 246 1
246 296 10
246 247 4
247 297 2
247 248 4
248 298 4
248 249 9
249 299 7
250 300 7
250 251 10
251 301 4
251 252 7
252 302 1
252 253 7
253 303 4
253 254 2
254 304 8
254 255 5
255 305 10
255 256 2
256 306 4
256 257 6
257 307 3
257 258 8
258 308 5
258 259 3
259 309 5
259 260 2
260 310 6
260 261 5
261 311 3
261 262 8
262 312 8
262 263 3
263 313 9
263 264 8
264 314 10
264 265 9
265 315 1
265 266 4
266 316 10
266 267 7
267 317 3
267 268 2
268 318 7
268 269 4
269 319 9
269 270 9
270 320 10
270 271 4
271 321 3
271 272 9
272 322 2
272 273 5
273 323 2
273 274 5
274 324 4
274 275 7
275 325 8
275 276 4
276 326 10
276 277 4
277 327 2
277 278 1
278 328 8
278 279 5
279 329 7
279 280 6
280 330 7
280 281 1
281 331 6
281 282 8
282 332 8
282 283 2
283 333 5
283 284 1
284 334 1
284 285 8
285 335 4
285 286 6
286 336 10
286 287 7
287 337 8
287 288 8
288 338 10
288 289 8
289 339 7
289 290 5
290 340 6
290 291 9
291 341 2
291 292 2
292 342 8
292 293 7
293 343 10
293 294 10
294 344 8
294 295 8
295 345 6
295 296 10
296 346 9
296 297 2
297 347 1
297 298 2
298 348 3
298 299 1
299 349 5
300 350 10
300 301 7
301 351 6
301 302 6
302 352 9
302 303 8
303 353 4
303 304 1
304 354 7
304 305 4
305 355 9
305 306 7
306 356 5
306 307 9
307 357 2
307 308 1
308 358 10
308 309 6
309 359 4
309 310 3
310 360 8
310 311 5
311 361 8
311 312 2
312 362 5
312 313 5
313 363 7
313 314 2
314 364 3
314 315 10
315 365 5
315 316 5
316 366 5
316 317 8
317 367 2
317 318 8
318 368 6
318 319 5
319 369 4
319 320 3
320 370 3
320 321 7
321 371 9
321 322 2
322 372 7
322 323 4
323 373 2
323 324 5
324 374 5
324 325 2
325 375 5
325 326 3
326 376 2
326 327 7
327 377 9
327 328 5
328 378 6
328 329 2
329 379 1
329 330 10
330 380 2
330 331 4
331 381 7
331 332 8
332 382 5
332 333 6
333 383 5
333 334 6
334 384 10
334 335 8
335 385 3
335 336 7
336 386 1
336 337 10
337 387 5
337 338 9
338 388 6
338 339 4
339 389 3
339 340 9
340 390 7
340 341 6
341 391 10
341 342 8
342 392 3
342 343 9
343 393 4
343 344 1
344 394 7
344 345 2
345 395 5
345 346 7
346 396 6
346 347 5
347 397 5
347 348 10
348 398 5
348 349 7
349 399 8
350 400 9
350 351 10
351 401 10
351 352 9
352 402 9
352 353 7
353 403 7
353 354 9
354 404 10
354 355 8
355 405 2
355 356 1
356 406 4
356 357 7
357 407 10
357 358 6
358 408 5
358 359 1
359 409 9
359 360 10
360 410 2
360 361 6
361 411 8
361 362 9
362 412 3
362 363 1
363 413 3
363 364 6
364 414 8
364 365 6
365 415 3
365 366 9
366 416 8
366 367 5
367 417 10
367 368 7
368 418 6
368 369 4
369 419 4
369 370 1
370 420 4
370 371 5
371 421 2
371 372 7
372 422 2
372 373 5
373 423 7
373 374 10
374 424 2
374 375 5
375 425 6
375 376 5
376 426 2
376 377 9
377 427 7
377 378 9
378 428 5
378 379 2
379 429 4
379 380 6
380 430 3
380 381 9
381 431 3
381 382 2
382 432 1
382 383 10
383 433 10
383 384 5
384 434 2
384 385 3
385 435 4
385 386 8
386 436 3
386 387 5
387 437 1
387 388 6
388 438 9
388 389 3
389 439 8
389 390 7
390 440 5
390 391 9
391 441 4
391 392 1
392 442 10
392 393 4
393 443 9
393 394 8
394 444 3
394 395 9
395 445 10
395 396 8
396 446 2
396 397 8
397 447 9
397 398 4
398 448 1
398 399 8
399 449 8
400 450 1
400 401 8
401 451 2
401 402 3
402 452 6
402 403 8
403 453 5
403 404 4
404 454 2
404 405 2
405 455 6
405 406 3
406 456 4
406 407 6
407 457 7
407 408 3
408 458 2
408 409 10
409 459 2
409 410 7
410 460 6
410 411 10
411 461 8
411 412 5
412 462 1
412 413 7
413 463 2
413 414 1
414 464 9
414 415 8
415 465 9
415 416 3
416 466 9
416 417 4
417 467 1
417 418 1
418 468 1
418 419 3
419 469 3
419 420 8
420 470 4
420 421 2
421 471 6
421 422 5
422 472 3
422 423 6
423 473 10
423 424 2
424 474 3
424 425 10
425 475 1
425 426 9
426 476 9
426 427 10
427 477 3
427 428 6
428 478 1
428 429 3
429 479 6
429 430 3
430 480 4
430 431 1
431 481 6
431 432 3
432 482 7
432 433 3
433 483 2
433 434 10
434 484 9
434 435 7
435 485 4
435 436 2
436 486 7
436 437 5
437 487 8
437 438 8
438 488 9
438 439 9
439 489 5
439 440 4
440 490 1
440 441 3
441 491 2
441 442 7
442 492 10
442 443 8
443 493 10
443 444 1
444 494 4
444 445 4
445 495 4
445 446 1
446 496 1
446 447 1
447 497 1
447 448 2
448 498 10
448 449 9
449 499 1
450 500 2
450 451 10
451 501 2
451 452 1
452 502 10
452 453 5
453 503 1
453 454 8
454 504 1
454 455 7
455 505 3
455 456 5
456 506 10
456 457 9
457 507 7
457 458 4
458 508 7
458 459 9
459 509 1
459 460 9
460 510 3
460 461 5
461 511 1
461 462 2
462 512 7
462 463 4
463 513 2
463 464 8
464 514 3
464 465 1
465 515 6
465 466 4
466 516 2
466 467 4
467 517 9
467 468 5
468 518 1
468 469 2
469 519 10
469 470 3
470 520 8
470 471 7
471 521 8
471 472 6
472 522 2
472 473 6
473 523 5
473 474 4
474 524 7
474 475 7
475 525 9
475 476 2
476 526 3
476 477 3
477 527 6
477 478 1
478 528 4
478 479 6
479 529 5
479 480 6
480 530 1
480 481 3
481 531 1
481 482 4
482 532 3
482 483 8
483 533 8
483 484 1
484 534 9
484 485 4
485 535 10
485 486 5
486 536 6
486 487 5
487 537 4
487 488 1
488 538 4
488 489 10
489 539 4
489 490 9
490 540 6
490 491 3
491 541 5
491 492 6
492 542 3
492 493 9
493 543 4
493 494 2
494 544 10
494 495 2
495 545 3
495 496 2
496 546 2
496 497 3
497 547 8
497 498 6
498 548 2
498 499 9
499 549 3
500 550 4
500 501 2
501 551 1
501 502 10
502 552 9
502 503 7
503 553 1
503 504 10
504 554 1
504 505 10
505 555 10
505 506 9
506 556 9
506 507 4
507 557 3
507 508 4
508 558 7
508 509 5
509 559 3
509 510 2
510 560 6
510 511 4
511 561 5
511 512 5
512 562 2
512 513 2
513 563 10
513 514 8
514 564 3
514 515 4
515 565 7
515 516 4
516 566 2
516 517 1
517 567 10
517 518 7
518 568 4
518 519 1
519 569 8
519 520 6
520 570 4
520 521 10
521 571 3
521 522 2
522 572 9
522 523 7
523 573 10
523 524 2
524 574 10
524 525 8
525 575 10
525 526 3
526 576 5
526 527 3
527 577 8
527 528 3
528 578 9
528 529 9
529 579 8
529 530 5
530 580 8
530 531 1
531 581 3
531 532 2
532 582 3
532 533 7
533 583 7
533 534 6
534 584 2
534 535 10
535 585 3
535 536 3
536 586 6
536 537 4
537 587 6
537 538 2
538 588 6
538 539 3
539 589 10
539 540 2
540 590 6
540 541 8
541 591 4
541 542 9
542 592 4
542 543 9
543 593 10
543 544 8
544 594 4
544 545 9
545 595 10
545 546 10
546 596 2
546 547 10
547 597 8
547 548 1
548 598 3
548 549 6
549 599 1
550 600 2
550 551 2
551 601 2
551 552 9
552 602 1
552 553 8
553 603 7
553 554 3
554 604 8
554 555 1
555 605 1
555 556 4
556 606 8
556 557 10
557 607 3
557 558 10
558 608 1
558 559 4
559 609 7
559 560 6
560 610 4
560 561 7
561 611 7
561 562 10
562 612 6
562 563 9
563 613 9
563 564 6
564 614 5
564 565 9
565 615 6
565 566 8
566 616 10
566 567 8
567 617 6
567 568 10
568 618 7
568 569 1
569 619 7
569 570 9
570 620 9
570 571 3
571 621 10
571 572 7
572 622 3
572 573 7
573 623 1
573 574 5
574 624 4
574 575 4
575 625 1
575 576 8
576 626 6
576 577 9
577 627 8
577 578 4
578 628 2
578 579 5
579 629 1
579 580 4
580 630 10
580 581 9
581 631 7
581 582 7
582 632 2
582 583 2
583 633 4
583 584 6
584 634 6
584 585 6
585 635 7
585 586 4
586 636 8
586 587 7
587 637 7
587 588 7
588 638 10
588 589 10
589 639 3
589 590 10
590 640 3
590 591 8
591 641 4
591 592 4
592 642 10
592 593 6
593 643 10
593 594 8
594 644 9
594 595 3
595 645 7
595 596 7
596 646 6
596 597 8
597 647 5
597 598 1
598 648 5
598 599 4
599 649 6
600 650 6
600 601 9
601 651 5
601 602 9
602 652 9
602 603 9
603 653 4
603 604 7
604 654 2
604 605 2
605 655 6
605 606 7
606 656 2
606 607 8
607 657 5
607 608 2
608 658 5
608 609 7
609 659 9
609 610 9
610 660 9
610 611 3
611 661 4
611 612 2
612 662 7
612 613 10
613 663 6
613 614 7
614 664 6
614 615 1
615 665 10
615 616 1
616 666 7
616 617 10
617 667 10
617 618 8
618 668 10
618 619 4
619 669 6
619 620 4
620 670 1
620 621 3
621 671 1
621 622 4
622 672 10
622 623 6
623 673 10
623 624 7
624 674 9
624 625 6
625 675 7
625 626 9
626 676 10
626 627 1
627 677 8
627 628 1
628 678 8
628 629 10
629 679 3
629 630 10
630 680 6
630 631 10
631 681 1
631 632 5
632 682 8
632 633 6
633 683 5
633 634 4
634 684 6
634 635 4
635 685 5
635 636 4
636 686 8
636 637 3
637 687 2
637 638 1
638 688 6
638 639 3
639 689 7
639 640 5
640 690 2
640 641 10
641 691 5
641 642 9
642 692 4
642 643 8
643 693 2
643 644 5
644 694 4
644 645 10
645 695 4
645 646 7
646 696 2
646 647 3
647 697 9
647 648 7
648 698 6
648 649 3
649 699 8
650 700 7
650 651 5
651 701 3
651 652 2
652 702 9
652 653 9
653 703 5
653 654 3
654 704 5
654 655 3
655 705 4
655 656 9
656 706 7
656 657 8
657 707 10
657 658 2
658 708 7
658 659 7
659 709 7
659 660 2
660 710 10
660 661 9
661 711 2
661 662 3
662 712 4
662 663 5
663 713 6
663 664 10
664 714 2
664 665 8
665 715 6
665 666 6
666 716 8
666 667 7
667 717 4
667 668 3
668 718 6
668 669 9
669 719 1
669 670 2
670 720 10
670 671 8
671 721 7
671 672 7
672 722 4
672 673 10
673 723 8
673 674 7
674 724 1
674 675 4
675 725 7
675 676 2
676 726 1
676 677 4
677 727 3
677 678 9
678 728 1
678 679 8
679 729 4
679 680 10
680 730 9
680 681 5
681 731 2
681 682 9
682 732 5
682 683 7
683 733 9
683 684 6
684 734 4
684 685 6
685 735 1
685 686 9
686 736 3
686 687 1
687 737 10
687 688 7
688 738 9
688 689 9
689 739 8
689 690 1
690 740 2
690 691 4
691 741 1
691 692 6
692 742 3
692 693 8
693 743 3
693 694 1
694 744 7
694 695 2
695 745 4
695 696 8
696 746 6
696 697 6
697 747 7
697 698 6
698 748 9
698 699 1
699 749 2
700 750 3
700 701 9
701 751 6
701 702 2
702 752 3
702 703 6
703 753 6
703 704 2
704 754 8
704 705 2
705 755 1
705 706 3
706 756 9
706 707 3
707 757 8
707 708 4
708 758 8
708 709 4
709 759 6
709 710 2
710 760 4
710 711 7
711 761 1
711 712 4
712 762 5
712 713 8
713 763 2
713 714 8
714 764 1
714 715 10
715 765 2
715 716 6
716 766 10
716 717 9
717 767 4
717 718 9
718 768 4
718 719 5
719 769 7
719 720 10
720 770 3
720 721 6
721 771 3
721 722 2
722 772 6
722 723 6
723 773 3
723 724 2
724 774 1
724 725 3
725 775 1
725 726 9
726 776 9
726 727 1
727 777 5
727 728 5
728 778 10
728 729 8
729 779 7
729 730 10
730 780 2
730 731 10
731 781 4
731 732 5
732 782 7
732 733 6
733 783 8
733 734 9
734 784 1
734 735 5
735 785 6
735 736 6
736 786 9
736 737 6
737 787 1
737 738 4
738 788 6
738 739 1
739 789 6
739 740 4
740 790 5
740 741 10
741 791 4
741 742 2
742 792 6
742 743 9
743 793 8
743 744 10
744 794 9
744 745 1
745 795 7
745 746 6
746 796 4
746 747 9
747 797 6
747 748 3
748 798 10
748 749 10
749 799 2
750 800 7
750 751 10
751 801 7
751 752 9
752 802 6
752 753 8
753 803 10
753 754 8
754 804 1
754 755 9
755 805 8
755 756 7
756 806 1
756 757 4
757 807 8
757 758 1
758 808 8
758 759 5
759 809 5
759 760 3
760 810 2
760 761 9
761 811 9
761 762 4
762 812 1
762 763 7
763 813 2
763 764 7
764 814 1
764 765 4
765 815 3
765 766 4
766 816 9
766 767 10
767 817 1
767 768 4
768 818 10
768 769 10
769 819 1
769 770 10
770 820 8
770 771 1
771 821 6
771 772 4
772 822 4
772 773 8
773 823 3
773 774 2
774 824 1
774 775 9
775 825 8
775 776 1
776 826 3
776 777 1
777 827 4
777 778 10
778 828 4
778 779 3
779 829 3
779 780 1
780 830 7
780 781 5
781 831 8
781 782 5
782 832 6
782 783 7
783 833 6
783 784 5
784 834 7
784 785 4
785 835 5
785 786 1
786 836 3
786 787 6
787 837 3
787 788 9
788 838 10
788 789 7
789 839 6
789 790 4
790 840 4
790 791 7
791 841 4
791 792 7
792 842 2
792 793 4
793 843 7
793 794 2
794 844 3
794 795 6
795 845 2
795 796 7
796 846 5
796 797 7
797 847 4
797 798 4
798 848 10
798 799 8
799 849 3
800 850 1
800 801 2
801 851 7
801 802 10
802 852 7
802 803 3
803 853 9
803 804 10
804 854 9
804 805 9
805 855 7
805 806 3
806 856 5
806 807 3
807 857 7
807 808 1
808 858 6
808 809 7
809 859 7
809 810 1
810 860 10
810 811 10
811 861 8
811 812 6
812 862 5
812 813 3
813 863 5
813 814 5
814 864 8
814 815 10
815 865 4
815 816 2
816 866 2
816 817 6
817 867 3
817 818 5
818 868 2
818 819 4
819 869 6
819 820 9
820 870 8
820 821 1
821 871 10
821 822 2
822 872 7
822 823 2
823 873 4
823 824 4
824 874 1
824 825 10
825 875 1
825 826 5
826 876 3
826 827 4
827 877 8
827 828 2
828 878 10
828 829 8
829 879 1
829 830 5
830 880 5
830 831 3
831 881 10
831 832 8
832 882 7
832 833 7
833 883 4
833 834 9
834 884 9
834 835 4
835 885 1
835 836 5
836 886 2
836 837 9
837 887 8
837 838 1
838 888 5
838 839 5
839 889 5
839 840 9
840 890 10
840 841 5
841 891 7
841 842 1
842 892 8
842 843 4
843 893 10
843 844 4
844 894 1
844 845 7
845 895 2
845 846 7
846 896 8
846 847 8
847 897 6
847 848 6
848 898 10
848 849 6
849 899 9
850 900 10
850 851 6
851 901 4
851 852 6
852 902 2
852 853 2
853 903 6
853 854 5
854 904 3
854 855 4
855 905 5
855 856 7
856 906 2
856 857 6
857 907 10
857 858 8
858 908 1
858 859 1
859 909 6
859 860 3
860 910 4
860 861 4
861 911 9
861 862 1
862 912 2
862 863 9
863 913 7
863 864 10
864 914 3
864 865 2
865 915 4
865 866 2
866 916 5
866 867 8
867 917 7
867 868 6
868 918 9
868 869 5
869 919 3
869 870 9
870 920 6
870 871 4
871 921 1
871 872 8
872 922 7
872 873 1
873 923 8
873 874 5
874 924 6
874 875 10
875 925 3
875 876 1
876 926 1
876 877 7
877 927 1
877 878 7
878 928 1
878 879 4
879 929 1
879 880 2
880 930 6
880 881 5
881 931 5
881 882 3
882 932 1
882 883 5
883 933 2
883 884 6
884 934 2
884 885 10
885 935 8
885 886 1
886 936 7
886 887 6
887 937 6
887 888 5
888 938 8
888 889 8
889 939 6
889 890 9
890 940 9
890 891 1
891 941 6
891 892 5
892 942 9
892 893 4
893 943 9
893 894 1
894 944 1
894 895 9
895 945 8
895 896 8
896 946 7
896 897 6
897 947 1
897 898 1
898 948 10
898 899 8
899 949 8
900 950 10
900 901 1
901 951 6
901 902 3
902 952 1
902 903 6
903 953 8
903 904 5
904 954 5
904 905 2
905 955 7
905 906 6
906 956 2
906 907 10
907 957 2
907 908 4
908 958 10
908 909 2
909 959 1
909 910 4
910 960 1
910 911 9
911 961 8
911 912 4
912 962 4
912 913 3
913 963 10
913 914 6
914 964 10
914 915 6
915 965 6
915 916 3
916 966 3
916 917 7
917 967 8
917 918 10
918 968 10
918 919 5
919 969 3
919 920 5
920 970 7
920 921 2
921 971 6
921 922 7
922 972 2
922 923 8
923 973 6
923 924 10
924 974 5
924 925 4
925 975 3
925 926 2
926 976 5
926 927 6
927 977 7
927 928 6
928 978 7
928 929 8
929 979 5
929 930 10
930 980 9
930 931 7
931 981 7
931 932 6
932 982 3
932 933 3
933 983 8
933 934 7
934 984 9
934 935 3
935 985 3
935 936 10
936 986 8
936 937 7
937 987 1
937 938 5
938 988 6
938 939 10
939 989 2
939 940 6
940 990 8
940 941 8
941 991 7
941 942 1
942 992 7
942 943 4
943 993 6
943 944 7
944 994 4
944 945 7
945 995 4
945 946 2
946 996 5
946 947 3
947 997 2
947 948 8
948 998 7
948 949 5
949 999 8
950 1000 7
950 951 5
951 1001 4
951 952 8
952 1002 10
952 953 3
953 1003 10
953 954 4
954 1004 4
954 955 9
955 1005 8
955 956 10
956 1006 5
956 957 10
957 1007 9
957 958 1
958 1008 8
958 959 6
959 1009 1
959 960 1
960 1010 2
960 961 6
961 1011 4
961 962 1
962 1012 9
962 963 1
963 1013 9
963 964 1
964 1014 7
964 965 9
965 1015 3
965 966 3
966 1016 1
966 967 4
967 1017 5
967 968 6
968 1018 2
968 969 2
969 1019 4
969 970 3
970 1020 3
970 971 4
971 1021 1
971 972 9
972 1022 8
972 973 7
973 1023 7
973 974 7
974 1024 2
974 975 6
975 1025 8
975 976 9
976 1026 6
976 977 7
977 1027 8
977 978 6
978 1028 5
978 979 6
979 1029 1
979 980 5
980 1030 3
980 981 4
981 1031 9
981 982 8
982 1032 3
982 983 5
983 1033 5
983 984 8
984 1034 10
984 985 1
985 1035 4
985 986 2
986 1036 5
986 987 3
987 1037 7
987 988 1
988 1038 3
988 989 1
989 1039 8
989 990 3
990 1040 8
990 991 6
991 1041 1
991 992 1
992 1042 2
992 993 10
993 1043 10
993 994 8
994 1044 4
994 995 8
995 1045 3
995 996 10
996 1046 1
996 997 7
997 1047 3
997 998 1
998 1048 7
998 999 9
999 1049 8
1000 1050 5
1000 1001 5
1001 1051 3
1001 1002 10
1002 1052 3
1002 1003 9
1003 1053 5
1003 1004 5
1004 1054 3
1004 1005 8
1005 1055 2
1005 1006 9
1006 1056 2
1006 1007 10
1007 1057 3
1007 1008 3
1008 1058 2
1008 1009 8
1009 1059 3
1009 1010 5
1010 1060 8
1010 1011 8
1011 1061 6
1011 1012 7
1012 1062 7
1012 1013 10
1013 1063 8
1013 1014 8
1014 1064 10
1014 1015 7
1015 1065 4
1015 1016 2
1016 1066 4
1016 1017 1
1017 1067 3
1017 1018 8
1018 1068 1
1018 1019 5
1019 1069 2
1019 1020 4
1020 1070 5
1020 1021 8
1021 1071 9
1021 1022 5
1022 1072 10
1022 1023 10
1023 1073 10
1023 1024 9
1024 1074 1
1024 1025 9
1025 1075 7
1025 1026 8
1026 1076 8
1026 1027 3
1027 1077 1
1027 1028 7
1028 1078 2
1028 1029 4
1029 1079 4
1029 1030 6
1030 1080 6
1030 1031 3
1031 1081 8
1031 1032 10
1032 1082 10
1032 1033 8
1033 1083 1
1033 1034 3
1034 1084 2
1034 1035 9
1035 1085 5
1035 1036 1
1036 1086 1
1036 1037 4
1037 1087 1
1037 1038 4
1038 1088 10
1038 1039 3
1039 1089 1
1039 1040 5
1040 1090 9
1040 1041 6
1041 1091 5
1041 1042 7
1042 1092 8
1042 1043 3
1043 1093 10
1043 1044 2
1044 1094 3
1044 1045 4
1045 1095 5
1045 1046 7
1046 1096 6
1046 1047 8
1047 1097 10
1047 1048 1
1048 1098 1
1048 1049 2
1049 1099 8
1050 1100 8
1050 1051 4
1051 1101 8
1051 1052 4
1052 1102 4
1052 1053 10
1053 1103 5
1053 1054 6
1054 1104 1
1054 1055 9
1055 1105 8
1055 1056 1
1056 1106 4
1056 1057 10
1057 1107 8
1057 1058 1
1058 1108 4
1058 1059 3
1059 1109 9
1059 1060 5
1060 1110 10
1060 1061 6
1061 1111 9
1061 1062 1
1062 1112 8
1062 1063 1
1063 1113 1
1063 1064 1
1064 1114 8
1064 1065 7
1065 1115 1
1065 1066 7
1066 1116 4
1066 1067 4
1067 1117 7
1067 1068 2
1068 1118 3
1068 1069 7
1069 1119 5
1069 1070 10
1070 1120 7
1070 1071 1
1071 1121 4
1071 1072 2
1072 1122 2
1072 1073 2
1073 1123 9
1073 1074 5
1074 1124 4
1074 1075 6
1075 1125 4
1075 1076 9
1076 1126 1
1076 1077 6
1077 1127 5
1077 1078 3
1078 1128 3
1078 1079 6
1079 1129 5
1079 1080 4
1080 1130 4
1080 1081 2
1081 1131 5
1081 1082 1
1082 1132 10
1082 1083 10
1083 1133 10
1083 1084 8
1084 1134 6
1084 1085 8
1085 1135 8
1085 1086 6
1086 1136 8
1086 1087 3
1087 1137 2
1087 1088 9
1088 1138 2
1088 1089 2
1089 1139 5
1089 1090 7
1090 1140 6
1090 1091 7
1091 1141 10
1091 1092 10
1092 1142 2
1092 1093 1
1093 1143 3
1093 1094 4
1094 1144 9
1094 1095 9
1095 1145 4
1095 1096 7
1096 1146 7
1096 1097 7
1097 1147 8
1097 1098 8
1098 1148 1
1098 1099 7
1099 1149 8
1100 1150 1
1100 1101 9
1101 1151 9
1101 1102 10
1102 1152 6
1102 1103 5
1103 1153 9
1103 1104 9
1104 1154 5
1104 1105 7
1105 1155 10
1105 1106 1
1106 1156 6
1106 1107 9
1107 1157 10
1107 1108 3
1108 1158 2
1108 1109 10
1109 1159 1
1109 1110 1
1110 1160 10
1110 1111 1
1111 1161 7
1111 1112 7
1112 1162 3
1112 1113 3
1113 1163 9
1113 1114 2
1114 1164 1
1114 1115 7
1115 1165 3
1115 1116 1
1116 1166 6
1116 1117 10
1117 1167 1
1117 1118 5
1118 1168 6
1118 1119 1
1119 1169 6
1119 1120 4
1120 1170 3
1120 1121 2
1121 1171 9
1121 1122 1
1122 1172 9
1122 1123 5
1123 1173 10
1123 1124 6
1124 1174 7
1124 1125 6
1125 1175 9
1125 1126 9
1126 1176 6
1126 1127 3
1127 1177 8
1127 1128 9
1128 1178 2
1128 1129 10
1129 1179 8
1129 1130 6
1130 1180 10
1130 1131 2
1131 1181 9
1131 1132 5
1132 1182 1
1132 1133 2
1133 1183 5
1133 1134 6
1134 1184 9
1134 1135 6
1135 1185 4
1135 1136 3
1136 1186 10
1136 1137 6
1137 1187 9
1137 1138 5
1138 1188 4
1138 1139 1
1139 1189 6
1139 1140 2
1140 1190 3
1140 1141 1
1141 1191 1
1141 1142 3
1142 1192 8
1142 1143 6
1143 1193 7
1143 1144 7
1144 1194 10
1144 1145 5
1145 1195 1
1145 1146 6
1146 1196 1
1146 1147 5
1147 1197 6
1147 1148 10
1148 1198 3
1148 1149 5
1149 1199 3
1150 1200 7
1150 1151 3
1151 1201 3
1151 1152 3
1152 1202 8
1152 1153 4
1153 1203 6
1153 1154 7
1154 1204 7
1154 1155 8
1155 1205 5
1155 1156 9
1156 1206 1
1156 1157 3
1157 1207 8
1157 1158 9
1158 1208 8
1158 1159 3
1159 1209 5
1159 1160 9
1160 1210 1
1160 1161 6
1161 1211 7
1161 1162 8
1162 1212 4
1162 1163 8
1163 1213 7
1163 1164 7
1164 1214 10
1164 1165 4
1165 1215 10
1165 1166 1
1166 1216 7
1166 1167 10
1167 1217 5
1167 1168 4
1168 1218 7
1168 1169 3
1169 1219 6
1169 1170 1
1170 1220 2
1170 1171 8
1171 1221 2
1171 1172 7
1172 1222 6
1172 1173 5
1173 1223 10
1173 1174 1
1174 1224 8
1174 1175 5
1175 1225 2
1175 1176 6
1176 1226 5
1176 1177 5
1177 1227 4
1177 1178 7
1178 1228 6
1178 1179 4
1179 1229 9
1179 1180 8
1180 1230 10
1180 1181 1
1181 1231 5
1181 1182 10
1182 1232 3
1182 1183 6
1183 1233 4
1183 1184 2
1184 1234 9
1184 1185 3
1185 1235 3
1185 1186 7
1186 1236 2
1186 1187 4
1187 1237 9
1187 1188 7
1188 1238 3
1188 1189 8
1189 1239 6
1189 1190 2
1190 1240 6
1190 1191 7
1191 1241 9
1191 1192 4
1192 1242 6
1192 1193 10
1193 1243 3
1193 1194 6
1194 1244 5
1194 1195 5
1195 1245 10
1195 1196 7
1196 1246 2
1196 1197 7
1197 1247 9
1197 1198 7
1198 1248 8
1198 1199 5
1199 1249 9
1200 1250 10
1200 1201 8
1201 1251 10
1201 1202 9
1202 1252 6
1202 1203 7
1203 1253 6
1203 1204 8
1204 1254 1
1204 1205 8
1205 1255 6
1205 1206 2
1206 1256 4
1206 1207 3
1207 1257 2
1207 1208 5
1208 1258 2
1208 1209 8
1209 1259 8
1209 1210 1
1210 1260 7
1210 1211 6
1211 1261 8
1211 1212 10
1212 1262 1
1212 1213 2
1213 1263 10
1213 1214 1
1214 1264 3
1214 1215 7
1215 1265 4
1215 1216 5
1216 1266 8
1216 1217 2
1217 1267 3
1217 1218 2
1218 1268 10
1218 1219 4
1219 1269 5
1219 1220 8
1220 1270 2
1220 1221 7
1221 1271 3
1221 1222 7
1222 1272 7
1222 1223 4
1223 1273 2
1223 1224 9
1224 1274 8
1224 1225 6
1225 1275 4
1225 1226 3
1226 1276 2
1226 1227 9
1227 1277 1
1227 1228 1
1228 1278 5
1228 1229 1
1229 1279 3
1229 1230 5
1230 1280 10
1230 1231 10
1231 1281 9
1231 1232 10
1232 1282 3
1232 1233 5
1233 1283 9
1233 1234 9
1234 1284 8
1234 1235 4
1235 1285 3
1235 1236 2
1236 1286 7
1236 1237 1
1237 1287 3
1237 1238 7
1238 1288 3
1238 1239 6
1239 1289 3
1239 1240 7
1240 1290 5
1240 1241 2
1241 1291 4
1241 1242 8
1242 1292 3
1242 1243 4
1243 1293 2
1243 1244 9
1244 1294 8
1244 1245 7
1245 1295 7
1245 1246 8
1246 1296 2
1246 1247 6
1247 1297 1
1247 1248 6
1248 1298 6
1248 1249 10
1249 1299 9
1250 1300 10
1250 1251 1
1251 1301 6
1251 1252 9
1252 1302 9
1252 1253 10
1253 1303 10
1253 1254 4
1254 1304 2
1254 1255 3
1255 1305 7
1255 1256 6
1256 1306 1
1256 1257 7
1257 1307 5
1257 1258 4
1258 1308 9
1258 1259 6
1259 1309 6
1259 1260 1
1260 1310 10
1260 1261 5
1261 1311 4
1261 1262 2
1262 1312 7
1262 1263 2
1263 1313 3
1263 1264 10
1264 1314 10
1264 1265 9
1265 1315 3
1265 1266 3
1266 1316 8
1266 1267 7
1267 1317 4
1267 1268 2
1268 1318 5
1268 1269 9
1269 1319 8
1269 1270 7
1270 1320 1
1270 1271 3
1271 1321 6
1271 1272 3
1272 1322 4
1272 1273 5
1273 1323 1
1273 1274 7
1274 1324 4
1274 1275 1
1275 1325 1
1275 1276 1
1276 1326 4
1276 1277 3
1277 1327 4
1277 1278 8
1278 1328 4
1278 1279 9
1279 1329 10
1279 1280 10
1280 1330 2
1280 1281 7
1281 1331 4
1281 1282 10
1282 1332 10
1282 1283 10
1283 1333 6
1283 1284 3
1284 1334 1
1284 1285 6
1285 1335 5
1285 1286 4
1286 1336 1
1286 1287 9
1287 1337 2
1287 1288 5
1288 1338 3
1288 1289 8
1289 1339 5
1289 1290 8
1290 1340 1
1290 1291 10
1291 1341 3
1291 1292 7
1292 1342 10
1292 1293 1
1293 1343 3
1293 1294 8
1294 1344 3
1294 1295 1
1295 1345 2
1295 1296 10
1296 1346 7
1296 1297 3
1297 1347 2
1297 1298 8
1298 1348 9
1298 1299 10
1299 1349 3
1300 1350 7
1300 1301 8
1301 1351 4
1301 1302 1
1302 1352 5
1302 1303 10
1303 1353 8
1303 1304 2
1304 1354 2
1304 1305 3
1305 1355 9
1305 1306 9
1306 1356 2
1306 1307 10
1307 1357 7
1307 1308 4
1308 1358 1
1308 1309 10
1309 1359 9
1309 1310 6
1310 1360 5
1310 1311 9
1311 1361 4
1311 1312 4
1312 1362 5
1312 1313 1
1313 1363 10
1313 1314 9
1314 1364 4
1314 1315 7
1315 1365 10
1315 1316 3
1316 1366 5
1316 1317 7
1317 1367 6
1317 1318 9
1318 1368 1
1318 1319 9
1319 1369 1
1319 1320 10
1320 1370 2
1320 1321 7
1321 1371 5
1321 1322 2
1322 1372 7
1322 1323 1
1323 1373 3
1323 1324 4
1324 1374 1
1324 1325 10
1325 1375 7
1325 1326 1
1326 1376 7
1326 1327 5
1327 1377 1
1327 1328 3
1328 1378 9
1328 1329 3
1329 1379 9
1329 1330 2
1330 1380 6
1330 1331 4
1331 1381 2
1331 1332 3
1332 1382 9
1332 1333 2
1333 1383 8
1333 1334 2
1334 1384 10
1334 1335 5
1335 1385 1
1335 1336 1
1336 1386 3
1336 1337 2
1337 1387 4
1337 1338 8
1338 1388 2
1338 1339 7
1339 1389 10
1339 1340 10
1340 1390 1
1340 1341 4
1341 1391 8
1341 1342 3
1342 1392 6
1342 1343 2
1343 1393 2
1343 1344 8
1344 1394 1
1344 1345 8
1345 1395 6
1345 1346 10
1346 1396 7
1346 1347 7
1347 1397 3
1347 1348 8
1348 1398 5
1348 1349 7
1349 1399 6
1350 1400 7
1350 1351 10
1351 1401 1
1351 1352 7
1352 1402 3
1352 1353 1
1353 1403 8
1353 1354 1
1354 1404 1
1354 1355 7
1355 1405 4
1355 1356 3
1356 1406 8
1356 1357 3
1357 1407 9
1357 1358 6
1358 1408 7
1358 1359 3
1359 1409 7
1359 1360 3
1360 1410 8
1360 1361 1
1361 1411 1
1361 1362 9
1362 1412 7
1362 1363 7
1363 1413 10
1363 1364 2
1364 1414 6
1364 1365 9
1365 1415 5
1365 1366 5
1366 1416 4
1366 1367 1
1367 1417 6
1367 1368 3
1368 1418 10
1368 1369 6
1369 1419 7
1369 1370 9
1370 1420 5
1370 1371 7
1371 1421 9
1371 1372 10
1372 1422 2
1372 1373 2
1373 1423 9
1373 1374 4
1374 1424 3
1374 1375 5
1375 1425 1
1375 1376 2
1376 1426 8
1376 1377 4
1377 1427 9
1377 1378 3
1378 1428 5
1378 1379 5
1379 1429 7
1379 1380 8
1380 1430 8
1380 1381 2
1381 1431 4
1381 1382 1
1382 1432 10
1382 1383 6
1383 1433 7
1383 1384 1
1384 1434 9
1384 1385 10
1385 1435 2
1385 1386 1
1386 1436 5
1386 1387 3
1387 1437 1
1387 1388 10
1388 1438 7
1388 1389 10
1389 1439 9
1389 1390 9
1390 1440 7
1390 1391 6
1391 1441 7
1391 1392 4
1392 1442 9
1392 1393 2
1393 1443 7
1393 1394 1
1394 1444 6
1394 1395 9
1395 1445 1
1395 1396 5
1396 1446 6
1396 1397 9
1397 1447 8
1397 1398 6
1398 1448 10
1398 1399 10
1399 1449 3
1400 1450 4
1400 1401 1
1401 1451 3
1401 1402 9
1402 1452 5
1402 1403 3
1403 1453 3
1403 1404 8
1404 1454 3
1404 1405 3
1405 1455 6
1405 1406 2
1406 1456 10
1406 1407 8
1407 1457 6
1407 1408 9
1408 1458 4
1408 1409 7
1409 1459 1
1409 1410 2
1410 1460 9
1410 1411 2
1411 1461 3
1411 1412 10
1412 1462 5
1412 1413 2
1413 1463 9
1413 1414 6
1414 1464 5
1414 1415 4
1415 1465 7
1415 1416 2
1416 1466 6
1416 1417 1
1417 1467 6
1417 1418 4
1418 1468 5
1418 1419 2
1419 1469 4
1419 1420 8
1420 1470 7
1420 1421 10
1421 1471 1
1421 1422 2
1422 1472 5
1422 1423 10
1423 1473 3
1423 1424 9
1424 1474 2
1424 1425 4
1425 1475 4
1425 1426 1
1426 1476 4
1426 1427 2
1427 1477 8
1427 1428 2
1428 1478 2
1428 1429 7
1429 1479 2
1429 1430 2
1430 1480 4
1430 1431 5
1431 1481 9
1431 1432 7
1432 1482 3
1432 1433 9
1433 1483 3
1433 1434 5
1434 1484 1
1434 1435 2
1435 1485 8
1435 1436 8
1436 1486 10
1436 1437 5
1437 1487 4
1437 1438 10
1438 1488 4
1438 1439 7
1439 1489 4
1439 1440 10
1440 1490 5
1440 1441 9
1441 1491 7
1441 1442 4
1442 1492 7
1442 1443 1
1443 1493 1
1443 1444 2
1444 1494 6
1444 1445 6
1445 1495 6
1445 1446 2
1446 1496 10
1446 1447 8
1447 1497 8
1447 1448 4
1448 1498 8
1448 1449 3
1449 1499 6
1450 1500 8
1450 1451 1
1451 1501 9
1451 1452 10
1452 1502 4
1452 1453 2
1453 1503 8
1453 1454 7
1454 1504 4
1454 1455 6
1455 1505 9
1455 1456 3
1456 1506 6
1456 1457 5
1457 1507 8
1457 1458 10
1458 1508 2
1458 1459 9
1459 1509 1
1459 1460 6
1460 1510 7
1460 1461 5
1461 1511 1
1461 1462 5
1462 1512 4
1462 1463 1
1463 1513 6
1463 1464 10
1464 1514 1
1464 1465 1
1465 1515 7
1465 1466 6
1466 1516 4
1466 1467 5
1467 1517 6
1467 1468 3
1468 1518 1
1468 1469 2
1469 1519 2
1469 1470 8
1470 1520 6
1470 1471 4
1471 1521 9
1471 1472 7
1472 1522 8
1472 1473 6
1473 1523 2
1473 1474 10
1474 1524 1
1474 1475 5
1475 1525 3
1475 1476 3
1476 1526 3
1476 1477 4
1477 1527 7
1477 1478 4
1478 1528 8
1478 1479 2
1479 1529 9
1479 1480 6
1480 1530 7
1480 1481 9
1481 1531 9
1481 1482 9
1482 1532 3
1482 1483 5
1483 1533 9
1483 1484 5
1484 1534 10
1484 1485 7
1485 1535 8
1485 1486 10
1486 1536 6
1486 1487 7
1487 1537 2
1487 1488 10
1488 1538 10
1488 1489 6
1489 1539 3
1489 1490 7
1490 1540 6
1490 1491 5
1491 1541 2
1491 1492 10
1492 1542 5
1492 1493 6
1493 1543 8
1493 1494 4
1494 1544 9
1494 1495 4
1495 1545 10
1495 1496 8
1496 1546 7
1496 1497 8
1497 1547 2
1497 1498 4
1498 1548 7
1498 1499 9
1499 1549 8
1500 1550 1
1500 1501 1
1501 1551 1
1501 1502 3
1502 1552 6
1502 1503 4
1503 1553 6
1503 1504 5
1504 1554 3
1504 1505 4
1505 1555 2
1505 1506 1
1506 1556 6
1506 1507 8
1507 1557 4
1507 1508 5
1508 1558 1
1508 1509 3
1509 1559 6
1509 1510 10
1510 1560 7
1510 1511 5
1511 1561 1
1511 1512 7
1512 1562 8
1512 1513 9
1513 1563 4
1513 1514 5
1514 1564 5
1514 1515 2
1515 1565 1
1515 1516 10
1516 1566 5
1516 1517 3
1517 1567 4
1517 1518 7
1518 1568 6
1518 1519 2
1519 1569 4
1519 1520 3
1520 1570 4
1520 1521 9
1521 1571 10
1521 1522 3
1522 1572 1
1522 1523 5
1523 1573 4
1523 1524 1
1524 1574 7
1524 1525 9
1525 1575 1
1525 1526 2
1526 1576 2
1526 1527 3
1527 1577 10
1527 1528 7
1528 1578 3
1528 1529 1
1529 1579 9
1529 1530 1
1530 1580 4
1530 1531 3
1531 1581 2
1531 1532 8
1532 1582 8
1532 1533 7
1533 1583 2
1533 1534 8
1534 1584 7
1534 1535 1
1535 1585 4
1535 1536 4
1536 1586 7
1536 1537 5
1537 1587 7
1537 1538 6
1538 1588 10
1538 1539 1
1539 1589 9
1539 1540 9
1540 1590 2
1540 1541 3
1541 1591 4
1541 1542 3
1542 1592 1
1542 1543 3
1543 1593 3
1543 1544 6
1544 1594 5
1544 1545 3
1545 1595 6
1545 1546 5
1546 1596 8
1546 1547 9
1547 1597 3
1547 1548 5
1548 1598 3
1548 1549 8
1549 1599 10
1550 1600 9
1550 1551 6
1551 1601 2
1551 1552 10
1552 1602 5
1552 1553 3
1553 1603 6
1553 1554 7
1554 1604 7
1554 1555 7
1555 1605 6
1555 1556 5
1556 1606 4
1556 1557 8
1557 1607 4
1557 1558 10
1558 1608 3
1558 1559 5
1559 1609 2
1559 1560 4
1560 1610 2
1560 1561 1
1561 1611 1
1561 1562 2
1562 1612 8
1562 1563 3
1563 1613 2
1563 1564 3
1564 1614 4
1564 1565 2
1565 1615 9
1565 1566 4
1566 1616 7
1566 1567 9
1567 1617 6
1567 1568 10
1568 1618 8
1568 1569 7
1569 1619 4
1569 1570 9
1570 1620 9
1570 1571 6
1571 1621 9
1571 1572 1
1572 1622 10
1572 1573 7
1573 1623 9
1573 1574 9
1574 1624 6
1574 1575 8
1575 1625 6
1575 1576 9
1576 1626 4
1576 1577 1
1577 1627 7
1577 1578 6
1578 1628 10
1578 1579 4
1579 1629 3
1579 1580 5
1580 1630 7
1580 1581 8
1581 1631 9
1581 1582 6
1582 1632 1
1582 1583 4
1583 1633 4
1583 1584 8
1584 1634 3
1584 1585 5
1585 1635 9
1585 1586 5
1586 1636 10
1586 1587 2
1587 1637 4
1587 1588 3
1588 1638 5
1588 1589 7
1589 1639 1
1589 1590 7
1590 1640 6
1590 1591 7
1591 1641 2
1591 1592 1
1592 1642 9
1592 1593 3
1593 1643 3
1593 1594 5
1594 1644 5
1594 1595 10
1595 1645 7
1595 1596 10
1596 1646 4
1596 1597 10
1597 1647 4
1597 1598 1
1598 1648 8
1598 1599 6
1599 1649 5
1600 1650 9
1600 1601 6
1601 1651 2
1601 1602 8
1602 1652 10
1602 1603 1
1603 1653 4
1603 1604 9
1604 1654 4
1604 1605 5
1605 1655 8
1605 1606 4
1606 1656 6
1606 1607 1
1607 1657 6
1607 1608 3
1608 1658 9
1608 1609 1
1609 1659 4
1609 1610 1
1610 1660 7
1610 1611 7
1611 1661 4
1611 1612 9
1612 1662 10
1612 1613 1
1613 1663 1
1613 1614 3
1614 1664 8
1614 1615 8
1615 1665 7
1615 1616 5
1616 1666 7
1616 1617 3
1617 1667 5
1617 1618 7
1618 1668 3
1618 1619 8
1619 1669 1
1619 1620 9
1620 1670 9
1620 1621 5
1621 1671 3
1621 1622 1
1622 1672 6
1622 1623 7
1623 1673 9
1623 1624 10
1624 1674 1
1624 1625 5
1625 1675 9
1625 1626 5
1626 1676 7
1626 1627 9
1627 1677 1
1627 1628 3
1628 1678 6
1628 1629 3
1629 1679 8
1629 1630 1
1630 1680 4
1630 1631 5
1631 1681 9
1631 1632 2
1632 1682 10
1632 1633 4
1633 1683 4
1633 1634 10
1634 1684 1
1634 1635 2
1635 1685 2
1635 1636 4
1636 1686 6
1636 1637 1
1637 1687 10
1637 1638 9
1638 1688 5
1638 1639 7
1639 1689 4
1639 1640 2
1640 1690 6
1640 1641 8
1641 1691 6
1641 1642 2
1642 1692 9
1642 1643 7
1643 1693 5
1643 1644 10
1644 1694 9
1644 1645 10
1645 1695 7
1645 1646 6
1646 1696 8
1646 1647 9
1647 1697 2
1647 1648 6
1648 1698 9
1648 1649 1
1649 1699 6
1650 1700 7
1650 1651 10
1651 1701 2
1651 1652 1
1652 1702 10
1652 1653 3
1653 1703 3
1653 1654 1
1654 1704 7
1654 1655 1
1655 1705 2
1655 1656 7
1656 1706 10
1656 1657 9
1657 1707 4
1657 1658 9
1658 1708 10
1658 1659 10
1659 1709 9
1659 1660 10
1660 1710 6
1660 1661 1
1661 1711 6
1661 1662 10
1662 1712 2
1662 1663 3
1663 1713 8
1663 1664 4
1664 1714 10
1664 1665 3
1665 1715 2
1665 1666 5
1666 1716 3
1666 1667 8
1667 1717 10
1667 1668 3
1668 1718 1
1668 1669 2
1669 1719 4
1669 1670 2
1670 1720 4
1670 1671 5
1671 1721 1
1671 1672 2
1672 1722 6
1672 1673 5
1673 1723 7
1673 1674 3
1674 1724 1
1674 1675 10
1675 1725 5
1675 1676 6
1676 1726 3
1676 1677 2
1677 1727 6
1677 1678 7
1678 1728 2
1678 1679 4
1679 1729 9
1679 1680 6
1680 1730 9
1680 1681 1
1681 1731 9
1681 1682 5
1682 1732 3
1682 1683 6
1683 1733 6
1683 1684 10
1684 1734 4
1684 1685 7
1685 1735 2
1685 1686 9
1686 1736 5
1686 1687 5
1687 1737 8
1687 1688 5
1688 1738 2
1688 1689 1
1689 1739 4
1689 1690 4
1690 1740 9
1690 1691 7
1691 1741 3
1691 1692 7
1692 1742 7
1692 1693 9
1693 1743 7
1693 1694 5
1694 1744 10
1694 1695 8
1695 1745 4
1695 1696 10
1696 1746 4
1696 1697 2
1697 1747 8
1697 1698 1
1698 1748 5
1698 1699 5
1699 1749 9
1700 1750 6
1700 1701 5
1701 1751 5
1701 1702 2
1702 1752 10
1702 1703 10
1703 1753 8
1703 1704 5
1704 1754 8
1704 1705 9
1705 1755 6
1705 1706 5
1706 1756 3
1706 1707 6
1707 1757 3
1707 1708 9
1708 1758 3
1708 1709 10
1709 1759 5
1709 1710 10
1710 1760 8
1710 1711 10
1711 1761 9
1711 1712 2
1712 1762 5
1712 1713 9
1713 1763 9
1713 1714 8
1714 1764 6
1714 1715 6
1715 1765 10
1715 1716 3
1716 1766 6
1716 1717 8
1717 1767 5
1717 1718 3
1718 1768 5
1718 1719 8
1719 1769 5
1719 1720 1
1720 1770 6
1720 1721 9
1721 1771 6
1721 1722 1
1722 1772 9
1722 1723 4
1723 1773 2
1723 1724 3
1724 1774 3
1724 1725 4
1725 1775 2
1725 1726 5
1726 1776 1
1726 1727 5
1727 1777 5
1727 1728 6
1728 1778 1
1728 1729 7
1729 1779 2
1729 1730 9
1730 1780 5
1730 1731 2
1731 1781 1
1731 1732 10
1732 1782 6
1732 1733 5
1733 1783 10
1733 1734 8
1734 1784 2
1734 1735 4
1735 1785 8
1735 1736 6
1736 1786 10
1736 1737 1
1737 1787 10
1737 1738 4
1738 1788 3
1738 1739 2
1739 1789 6
1739 1740 9
1740 1790 1
1740 1741 10
1741 1791 1
1741 1742 10
1742 1792 4
1742 1743 2
1743 1793 5
1743 1744 10
1744 1794 9
1744 1745 7
1745 1795 3
1745 1746 10
1746 1796 4
1746 1747 10
1747 1797 3
1747 1748 7
1748 1798 5
1748 1749 4
1749 1799 4
1750 1800 8
1750 1751 8
1751 1801 5
1751 1752 4
1752 1802 6
1752 1753 2
1753 1803 1
1753 1754 4
1754 1804 3
1754 1755 9
1755 1805 3
1755 1756 4
1756 1806 6
1756 1757 4
1757 1807 9
1757 1758 8
1758 1808 1
1758 1759 1
1759 1809 2
1759 1760 2
1760 1810 3
1760 1761 6
1761 1811 3
1761 1762 4
1762 1812 2
1762 1763 8
1763 1813 4
1763 1764 5
1764 1814 2
1764 1765 4
1765 1815 1
1765 1766 3
1766 1816 4
1766 1767 2
1767 1817 2
1767 1768 8
1768 1818 9
1768 1769 9
1769 1819 5
1769 1770 1
1770 1820 9
1770 1771 5
1771 1821 1
1771 1772 8
1772 1822 7
1772 1773 3
1773 1823 1
1773 1774 7
1774 1824 10
1774 1775 1
1775 1825 2
1775 1776 2
1776 1826 4
1776 1777 2
1777 1827 6
1777 1778 5
1778 1828 9
1778 1779 1
1779 1829 1
1779 1780 7
1780 1830 7
1780 1781 7
1781 1831 2
1781 1782 7
1782 1832 10
1782 1783 9
1783 1833 4
1783 1784 1
1784 1834 5
1784 1785 1
1785 1835 9
1785 1786 10
1786 1836 8
1786 1787 9
1787 1837 10
1787 1788 2
1788 1838 1
1788 1789 4
1789 1839 6
1789 1790 9
1790 1840 7
1790 1791 10
1791 1841 2
1791 1792 2
1792 1842 1
1792 1793 3
1793 1843 4
1793 1794 6
1794 1844 3
1794 1795 2
1795 1845 5
1795 1796 5
1796 1846 5
1796 1797 8
1797 1847 2
1797 1798 4
1798 1848 4
1798 1799 9
1799 1849 9
1800 1850 2
1800 1801 4
1801 1851 10
1801 1802 5
1802 1852 7
1802 1803 6
1803 1853 9
1803 1804 8
1804 1854 1
1804 1805 8
1805 1855 8
1805 1806 4
1806 1856 4
1806 1807 3
1807 1857 3
1807 1808 1
1808 1858 6
1808 1809 5
1809 1859 4
1809 1810 4
1810 1860 9
1810 1811 3
1811 1861 3
1811 1812 8
1812 1862 2
1812 1813 5
1813 1863 5
1813 1814 7
1814 1864 9
1814 1815 5
1815 1865 7
1815 1816 8
1816 1866 3
1816 1817 7
1817 1867 3
1817 1818 7
1818 1868 3
1818 1819 4
1819 1869 3
1819 1820 1
1820 1870 3
1820 1821 6
1821 1871 9
1821 1822 2
1822 1872 2
1822 1823 10
1823 1873 6
1823 1824 5
1824 1874 4
1824 1825 5
1825 1875 3
1825 1826 6
1826 1876 6
1826 1827 10
1827 1877 10
1827 1828 1
1828 1878 6
1828 1829 4
1829 1879 5
1829 1830 8
1830 1880 5
1830 1831 2
1831 1881 3
1831 1832 3
1832 1882 10
1832 1833 2
1833 1883 9
1833 1834 1
1834 1884 2
1834 1835 3
1835 1885 9
1835 1836 9
1836 1886 8
1836 1837 8
1837 1887 6
1837 1838 1
1838 1888 6
1838 1839 9
1839 1889 2
1839 1840 5
1840 1890 5
1840 1841 6
1841 1891 2
1841 1842 2
1842 1892 5
1842 1843 4
1843 1893 4
1843 1844 6
1844 1894 1
1844 1845 1
1845 1895 7
1845 1846 1
1846 1896 2
1846 1847 1
1847 1897 6
1847 1848 5
1848 1898 8
1848 1849 3
1849 1899 2
1850 1900 6
1850 1851 10
1851 1901 7
1851 1852 8
1852 1902 3
1852 1853 10
1853 1903 7
1853 1854 2
1854 1904 9
1854 1855 1
1855 1905 10
1855 1856 10
1856 1906 4
1856 1857 1
1857 1907 8
1857 1858 7
1858 1908 5
1858 1859 7
1859 1909 4
1859 1860 9
1860 1910 9
1860 1861 8
1861 1911 6
1861 1862 1
1862 1912 3
1862 1863 9
1863 1913 6
1863 1864 3
1864 1914 4
1864 1865 9
1865 1915 9
1865 1866 8
1866 1916 9
1866 1867 10
1867 1917 10
1867 1868 7
1868 1918 2
1868 1869 4
1869 1919 9
1869 1870 6
1870 1920 4
1870 1871 8
1871 1921 7
1871 1872 6
1872 1922 1
1872 1873 3
1873 1923 2
1873 1874 8
1874 1924 6
1874 1875 10
1875 1925 6
1875 1876 1
1876 1926 2
1876 1877 2
1877 1927 6
1877 1878 8
1878 1928 10
1878 1879 7
1879 1929 1
1879 1880 9
1880 1930 10
1880 1881 6
1881 1931 10
1881 1882 10
1882 1932 10
1882 1883 3
1883 1933 2
1883 1884 3
1884 1934 4
1884 1885 4
1885 1935 8
1885 1886 1
1886 1936 3
1886 1887 2
1887 1937 8
1887 1888 3
1888 1938 9
1888 1889 2
1889 1939 3
1889 1890 9
1890 1940 8
1890 1891 1
1891 1941 6
1891 1892 2
1892 1942 1
1892 1893 5
1893 1943 5
1893 1894 9
1894 1944 5
1894 1895 9
1895 1945 8
1895 1896 2
1896 1946 8
1896 1897 6
1897 1947 4
1897 1898 7
1898 1948 8
1898 1899 2
1899 1949 10
1900 1950 1
1900 1901 4
1901 1951 10
1901 1902 5
1902 1952 5
1902 1903 7
1903 1953 10
1903 1904 5
1904 1954 3
1904 1905 10
1905 1955 2
1905 1906 4
1906 1956 5
1906 1907 10
1907 1957 1
1907 1908 5
1908 1958 1
1908 1909 9
1909 1959 1
1909 1910 1
1910 1960 7
1910 1911 10
1911 1961 8
1911 1912 4
1912 1962 1
1912 1913 5
1913 1963 3
1913 1914 2
1914 1964 3
1914 1915 7
1915 1965 5
1915 1916 4
1916 1966 9
1916 1917 6
1917 1967 9
1917 1918 3
1918 1968 10
1918 1919 3
1919 1969 10
1919 1920 4
1920 1970 1
1920 1921 4
1921 1971 3
1921 1922 10
1922 1972 5
1922 1923 10
1923 1973 3
1923 1924 3
1924 1974 1
1924 1925 6
1925 1975 2
1925 1926 4
1926 1976 7
1926 1927 9
1927 1977 9
1927 1928 3
1928 1978 6
1928 1929 9
1929 1979 9
1929 1930 9
1930 1980 9
1930 1931 10
1931 1981 3
1931 1932 7
1932 1982 4
1932 1933 7
1933 1983 5
1933 1934 7
1934 1984 8
1934 1935 2
1935 1985 10
1935 1936 2
1936 1986 3
1936 1937 7
1937 1987 2
1937 1938 6
1938 1988 9
1938 1939 7
1939 1989 6
1939 1940 8
1940 1990 6
1940 1941 4
1941 1991 9
1941 1942 3
1942 1992 6
1942 1943 6
1943 1993 1
1943 1944 10
1944 1994 4
1944 1945 3
1945 1995 6
1945 1946 10
1946 1996 8
1946 1947 7
1947 1997 3
1947 1948 3
1948 1998 7
1948 1949 1
1949 1999 1
1950 2000 10
1950 1951 6
1951 2001 2
1951 1952 1
1952 2002 2
1952 1953 4
1953 2003 4
1953 1954 10
1954 2004 7
1954 1955 9
1955 2005 4
1955 1956 2
1956 2006 8
1956 1957 10
1957 2007 2
1957 1958 8
1958 2008 10
1958 1959 8
1959 2009 4
1959 1960 3
1960 2010 3
1960 1961 3
1961 2011 9
1961 1962 9
1962 2012 10
1962 1963 10
1963 2013 6
1963 1964 3
1964 2014 2
1964 1965 3
1965 2015 1
1965 1966 8
1966 2016 2
1966 1967 4
1967 2017 10
1967 1968 6
1968 2018 6
1968 1969 1
1969 2019 4
1969 1970 2
1970 2020 10
1970 1971 1
1971 2021 9
1971 1972 6
1972 2022 7
1972 1973 4
1973 2023 6
1973 1974 10
1974 2024 6
1974 1975 9
1975 2025 6
1975 1976 10
1976 2026 5
1976 1977 5
1977 2027 8
1977 1978 7
1978 2028 3
1978 1979 2
1979 2029 9
1979 1980 2
1980 2030 2
1980 1981 10
1981 2031 3
1981 1982 10
1982 2032 9
1982 1983 8
1983 2033 3
1983 1984 2
1984 2034 8
1984 1985 6
1985 2035 3
1985 1986 9
1986 2036 10
1986 1987 4
1987 2037 7
1987 1988 4
1988 2038 6
1988 1989 5
1989 2039 7
1989 1990 2
1990 2040 9
1990 1991 10
1991 2041 3
1991 1992 3
1992 2042 3
1992 1993 8
1993 2043 3
1993 1994 1
1994 2044 2
1994 1995 3
1995 2045 1
1995 1996 8
1996 2046 4
1996 1997 10
1997 2047 2
1997 1998 3
1998 2048 4
1998 1999 6
1999 2049 10
2000 2050 4
2000 2001 4
2001 2051 1
2001 2002 2
2002 2052 4
2002 2003 4
2003 2053 5
2003 2004 9
2004 2054 7
2004 2005 2
2005 2055 3
2005 2006 2
2006 2056 7
2006 2007 4
2007 2057 2
2007 2008 10
2008 2058 8
2008 2009 4
2009 2059 4
2009 2010 9
2010 2060 4
2010 2011 6
2011 2061 6
2011 2012 4
2012 2062 8
2012 2013 7
2013 2063 2
2013 2014 7
2014 2064 3
2014 2015 5
2015 2065 6
2015 2016 9
2016 2066 1
2016 2017 8
2017 2067 2
2017 2018 8
2018 2068 3
2018 2019 2
2019 2069 2
2019 2020 8
2020 2070 7
2020 2021 3
2021 2071 8
2021 2022 10
2022 2072 1
2022 2023 2
2023 2073 7
2023 2024 7
2024 2074 1
2024 2025 3
2025 2075 1
2025 2026 9
2026 2076 4
2026 2027 8
2027 2077 6
2027 2028 1
2028 2078 8
2028 2029 5
2029 2079 3
2029 2030 6
2030 2080 4
2030 2031 3
2031 2081 4
2031 2032 7
2032 2082 10
2032 2033 6
2033 2083 2
2033 2034 1
2034 2084 10
2034 2035 7
2035 2085 5
2035 2036 2
2036 2086 10
2036 2037 5
2037 2087 5
2037 2038 6
2038 2088 10
2038 2039 6
2039 2089 6
2039 2040 7
2040 2090 3
2040 2041 4
2041 2091 3
2041 2042 4
2042 2092 5
2042 2043 5
2043 2093 6
2043 2044 7
2044 2094 2
2044 2045 8
2045 2095 1
2045 2046 9
2046 2096 10
2046 2047 10
2047 2097 1
2047 2048 6
2048 2098 4
2048 2049 7
2049 2099 2
2050 2100 7
2050 2051 9
2051 2101 4
2051 2052 2
2052 2102 3
2052 2053 5
2053 2103 1
2053 2054 4
2054 2104 10
2054 2055 1
2055 2105 5
2055 2056 1
2056 2106 3
2056 2057 5
2057 2107 1
2057 2058 2
2058 2108 3
2058 2059 3
2059 2109 3
2059 2060 10
2060 2110 9
2060 2061 3
2061 2111 6
2061 2062 1
2062 2112 6
2062 2063 5
2063 2113 7
2063 2064 9
2064 2114 1
2064 2065 10
2065 2115 3
2065 2066 4
2066 2116 7
2066 2067 7
2067 2117 2
2067 2068 6
2068 2118 2
2068 2069 7
2069 2119 2
2069 2070 8
2070 2120 7
2070 2071 9
2071 2121 8
2071 2072 4
2072 2122 1
2072 2073 9
2073 2123 4
2073 2074 8
2074 2124 4
2074 2075 9
2075 2125 1
2075 2076 4
2076 2126 10
2076 2077 2
2077 2127 9
2077 2078 2
2078 2128 1
2078 2079 9
2079 2129 10
2079 2080 5
2080 2130 7
2080 2081 6
2081 2131 1
2081 2082 4
2082 2132 4
2082 2083 2
2083 2133 9
2083 2084 10
2084 2134 9
2084 2085 4
2085 2135 9
2085 2086 1
2086 2136 7
2086 2087 6
2087 2137 6
2087 2088 10
2088 2138 3
2088 2089 2
2089 2139 3
2089 2090 4
2090 2140 2
2090 2091 3
2091 2141 10
2091 2092 3
2092 2142 6
2092 2093 4
2093 2143 10
2093 2094 7
2094 2144 6
2094 2095 8
2095 2145 4
2095 2096 6
2096 2146 10
2096 2097 8
2097 2147 7
2097 2098 8
2098 2148 4
2098 2099 4
2099 2149 3
2100 2150 4
2100 2101 9
2101 2151 8
2101 2102 9
2102 2152 10
2102 2103 1
2103 2153 1
2103 2104 6
2104 2154 4
2104 2105 4
2105 2155 10
2105 2106 7
2106 2156 7
2106 2107 8
2107 2157 3
2107 2108 1
2108 2158 7
2108 2109 2
2109 2159 2
2109 2110 10
2110 2160 1
2110 2111 3
2111 2161 8
2111 2112 2
2112 2162 7
2112 2113 1
2113 2163 9
2113 2114 7
2114 2164 6
2114 2115 7
2115 2165 7
2115 2116 10
2116 2166 9
2116 2117 8
2117 2167 8
2117 2118 1
2118 2168 5
2118 2119 6
2119 2169 5
2119 2120 2
2120 2170 4
2120 2121 1
2121 2171 5
2121 2122 2
2122 2172 10
2122 2123 8
2123 2173 1
2123 2124 3
2124 2174 5
2124 2125 2
2125 2175 6
2125 2126 7
2126 2176 6
2126 2127 10
2127 2177 9
2127 2128 10
2128 2178 3
2128 2129 4
2129 2179 10
2129 2130 2
2130 2180 6
2130 2131 5
2131 2181 3
2131 2132 7
2132 2182 9
2132 2133 8
2133 2183 6
2133 2134 9
2134 2184 9
2134 2135 6
2135 2185 2
2135 2136 3
2136 2186 2
2136 2137 4
2137 2187 10
2137 2138 4
2138 2188 8
2138 2139 7
2139 2189 6
2139 2140 2
2140 2190 2
2140 2141 4
2141 2191 1
2141 2142 8
2142 2192 4
2142 2143 10
2143 2193 6
2143 2144 5
2144 2194 8
2144 2145 3
2145 2195 1
2145 2146 1
2146 2196 10
2146 2147 4
2147 2197 1
2147 2148 1
2148 2198 4
2148 2149 7
2149 2199 1
2150 2200 7
2150 2151 10
2151 2201 2
2151 2152 5
2152 2202 1
2152 2153 4
2153 2203 4
2153 2154 10
2154 2204 3
2154 2155 4
2155 2205 5
2155 2156 6
2156 2206 6
2156 2157 4
2157 2207 2
2157 2158 6
2158 2208 6
2158 2159 4
2159 2209 3
2159 2160 5
2160 2210 10
2160 2161 4
2161 2211 6
2161 2162 6
2162 2212 9
2162 2163 2
2163 2213 6
2163 2164 5
2164 2214 2
2164 2165 1
2165 2215 5
2165 2166 10
2166 2216 3
2166 2167 10
2167 2217 6
2167 2168 3
2168 2218 2
2168 2169 5
2169 2219 7
2169 2170 7
2170 2220 1
2170 2171 10
2171 2221 8
2171 2172 4
2172 2222 9
2172 2173 10
2173 2223 1
2173 2174 8
2174 2224 3
2174 2175 4
2175 2225 8
2175 2176 6
2176 2226 7
2176 2177 6
2177 2227 8
2177 2178 7
2178 2228 3
2178 2179 5
2179 2229 1
2179 2180 3
2180 2230 9
2180 2181 8
2181 2231 2
2181 2182 5
2182 2232 8
2182 2183 7
2183 2233 6
2183 2184 6
2184 2234 8
2184 2185 7
2185 2235 3
2185 2186 3
2186 2236 1
2186 2187 5
2187 2237 5
2187 2188 5
2188 2238 5
2188 2189 9
2189 2239 10
2189 2190 8
2190 2240 9
2190 2191 6
2191 2241 8
2191 2192 9
2192 2242 8
2192 2193 2
2193 2243 4
2193 2194 7
2194 2244 7
2194 2195 2
2195 2245 1
2195 2196 9
2196 2246 9
2196 2197 8
2197 2247 9
2197 2198 10
2198 2248 1
2198 2199 7
2199 2249 10
2200 2250 1
2200 2201 9
2201 2251 10
2201 2202 2
2202 2252 9
2202 2203 2
2203 2253 8
2203 2204 4
2204 2254 3
2204 2205 9
2205 2255 10
2205 2206 10
2206 2256 6
2206 2207 3
2207 2257 4
2207 2208 1
2208 2258 3
2208 2209 10
2209 2259 1
2209 2210 6
2210 2260 9
2210 2211 9
2211 2261 3
2211 2212 9
2212 2262 3
2212 2213 6
2213 2263 2
2213 2214 2
2214 2264 9
2214 2215 4
2215 2265 2
2215 2216 7
2216 2266 2
2216 2217 1
2217 2267 1
2217 2218 8
2218 2268 8
2218 2219 8
2219 2269 1
2219 2220 6
2220 2270 10
2220 2221 7
2221 2271 1
2221 2222 3
2222 2272 9
2222 2223 9
2223 2273 6
2223 2224 7
2224 2274 1
2224 2225 7
2225 2275 6
2225 2226 7
2226 2276 5
2226 2227 9
2227 2277 2
2227 2228 3
2228 2278 4
2228 2229 3
2229 2279 5
2229 2230 4
2230 2280 3
2230 2231 7
2231 2281 5
2231 2232 7
2232 2282 7
2232 2233 8
2233 2283 2
2233 2234 5
2234 2284 4
2234 2235 7
2235 2285 2
2235 2236 8
2236 2286 1
2236 2237 7
2237 2287 5
2237 2238 4
2238 2288 2
2238 2239 10
2239 2289 1
2239 2240 5
2240 2290 3
2240 2241 9
2241 2291 5
2241 2242 10
2242 2292 1
2242 2243 8
2243 2293 1
2243 2244 8
2244 2294 5
2244 2245 4
2245 2295 5
2245 2246 1
2246 2296 10
2246 2247 2
2247 2297 8
2247 2248 10
2248 2298 4
2248 2249 4
2249 2299 5
2250 2300 1
2250 2251 2
2251 2301 1
2251 2252 10
2252 2302 10
2252 2253 4
2253 2303 9
2253 2254 8
2254 2304 6
2254 2255 7
2255 2305 3
2255 2256 3
2256 2306 5
2256 2257 3
2257 2307 5
2257 2258 7
2258 2308 9
2258 2259 7
2259 2309 6
2259 2260 3
2260 2310 1
2260 2261 2
2261 2311 6
2261 2262 7
2262 2312 3
2262 2263 2
2263 2313 2
2263 2264 5
2264 2314 2
2264 2265 9
2265 2315 8
2265 2266 5
2266 2316 8
2266 2267 8
2267 2317 2
2267 2268 3
2268 2318 1
2268 2269 4
2269 2319 10
2269 2270 4
2270 2320 2
2270 2271 7
2271 2321 7
2271 2272 8
2272 2322 4
2272 2273 10
2273 2323 3
2273 2274 7
2274 2324 9
2274 2275 2
2275 2325 9
2275 2276 10
2276 2326 9
2276 2277 4
2277 2327 1
2277 2278 1
2278 2328 8
2278 2279 7
2279 2329 7
2279 2280 5
2280 2330 8
2280 2281 3
2281 2331 4
2281 2282 6
2282 2332 8
2282 2283 8
2283 2333 2
2283 2284 9
2284 2334 3
2284 2285 6
2285 2335 5
2285 2286 4
2286 2336 2
2286 2287 7
2287 2337 7
2287 2288 6
2288 2338 3
2288 2289 2
2289 2339 2
2289 2290 9
2290 2340 3
2290 2291 1
2291 2341 4
2291 2292 1
2292 2342 3
2292 2293 4
2293 2343 9
2293 2294 1
2294 2344 7
2294 2295 6
2295 2345 1
2295 2296 2
2296 2346 10
2296 2297 6
2297 2347 7
2297 2298 1
2298 2348 8
2298 2299 7
2299 2349 1
2300 2350 10
2300 2301 7
2301 2351 7
2301 2302 5
2302 2352 5
2302 2303 9
2303 2353 6
2303 2304 10
2304 2354 1
2304 2305 4
2305 2355 1
2305 2306 6
2306 2356 9
2306 2307 8
2307 2357 2
2307 2308 4
2308 2358 5
2308 2309 5
2309 2359 4
2309 2310 4
2310 2360 9
2310 2311 6
2311 2361 1
2311 2312 1
2312 2362 10
2312 2313 4
2313 2363 6
2313 2314 2
2314 2364 6
2314 2315 4
2315 2365 7
2315 2316 4
2316 2366 8
2316 2317 6
2317 2367 2
2317 2318 7
2318 2368 9
2318 2319 6
2319 2369 1
2319 2320 9
2320 2370 9
2320 2321 3
2321 2371 9
2321 2322 1
2322 2372 10
2322 2323 7
2323 2373 5
2323 2324 9
2324 2374 7
2324 2325 3
2325 2375 9
2325 2326 2
2326 2376 6
2326 2327 5
2327 2377 2
2327 2328 10
2328 2378 6
2328 2329 6
2329 2379 10
2329 2330 9
2330 2380 5
2330 2331 6
2331 2381 8
2331 2332 9
2332 2382 1
2332 2333 7
2333 2383 8
2333 2334 9
2334 2384 6
2334 2335 7
2335 2385 7
2335 2336 8
2336 2386 3
2336 2337 6
2337 2387 9
2337 2338 1
2338 2388 8
2338 2339 1
2339 2389 1
2339 2340 6
2340 2390 3
2340 2341 3
2341 2391 2
2341 2342 7
2342 2392 3
2342 2343 4
2343 2393 6
2343 2344 3
2344 2394 6
2344 2345 5
2345 2395 5
2345 2346 1
2346 2396 3
2346 2347 1
2347 2397 1
2347 2348 8
2348 2398 4
2348 2349 2
2349 2399 4
2350 2400 6
2350 2351 9
2351 2401 6
2351 2352 8
2352 2402 7
2352 2353 3
2353 2403 2
2353 2354 4
2354 2404 1
2354 2355 9
2355 2405 1
2355 2356 1
2356 2406 1
2356 2357 6
2357 2407 2
2357 2358 2
2358 2408 7
2358 2359 7
2359 2409 7
2359 2360 1
2360 2410 3
2360 2361 7
2361 2411 10
2361 2362 4
2362 2412 9
2362 2363 2
2363 2413 10
2363 2364 6
2364 2414 10
2364 2365 6
2365 2415 10
2365 2366 4
2366 2416 4
2366 2367 4
2367 2417 10
2367 2368 6
2368 2418 4
2368 2369 10
2369 2419 7
2369 2370 6
2370 2420 10
2370 2371 1
2371 2421 6
2371 2372 5
2372 2422 6
2372 2373 8
2373 2423 10
2373 2374 1
2374 2424 1
2374 2375 7
2375 2425 8
2375 2376 9
2376 2426 2
2376 2377 1
2377 2427 5
2377 2378 6
2378 2428 8
2378 2379 2
2379 2429 2
2379 2380 7
2380 2430 9
2380 2381 8
2381 2431 9
2381 2382 4
2382 2432 4
2382 2383 3
2383 2433 5
2383 2384 3
2384 2434 3
2384 2385 6
2385 2435 7
2385 2386 6
2386 2436 6
2386 2387 10
2387 2437 4
2387 2388 10
2388 2438 10
2388 2389 7
2389 2439 7
2389 2390 7
2390 2440 3
2390 2391 8
2391 2441 6
2391 2392 9
2392 2442 4
2392 2393 7
2393 2443 8
2393 2394 4
2394 2444 2
2394 2395 1
2395 2445 2
2395 2396 7
2396 2446 10
2396 2397 6
2397 2447 8
2397 2398 7
2398 2448 7
2398 2399 8
2399 2449 4
2400 2450 5
2400 2401 3
2401 2451 4
2401 2402 10
2402 2452 4
2402 2403 1
2403 2453 3
2403 2404 10
2404 2454 3
2404 2405 8
2405 2455 4
2405 2406 5
2406 2456 6
2406 2407 6
2407 2457 5
2407 2408 5
2408 2458 6
2408 2409 4
2409 2459 1
2409 2410 10
2410 2460 8
2410 2411 6
2411 2461 8
2411 2412 1
2412 2462 4
2412 2413 9
2413 2463 1
2413 2414 8
2414 2464 1
2414 2415 3
2415 2465 6
2415 2416 4
2416 2466 3
2416 2417 3
2417 2467 2
2417 2418 3
2418 2468 9
2418 2419 10
2419 2469 6
2419 2420 3
2420 2470 6
2420 2421 1
2421 2471 7
2421 2422 10
2422 2472 1
2422 2423 7
2423 2473 9
2423 2424 1
2424 2474 4
2424 2425 8
2425 2475 10
2425 2426 1
2426 2476 9
2426 2427 10
2427 2477 10
2427 2428 10
2428 2478 4
2428 2429 1
2429 2479 3
2429 2430 8
2430 2480 2
2430 2431 8
2431 2481 8
2431 2432 8
2432 2482 3
2432 2433 3
2433 2483 3
2433 2434 8
2434 2484 4
2434 2435 6
2435 2485 7
2435 2436 5
2436 2486 5
2436 2437 2
2437 2487 10
2437 2438 6
2438 2488 8
2438 2439 9
2439 2489 3
2439 2440 10
2440 2490 2
2440 2441 3
2441 2491 10
2441 2442 5
2442 2492 1
2442 2443 9
2443 2493 8
2443 2444 5
2444 2494 3
2444 2445 4
2445 2495 1
2445 2446 5
2446 2496 9
2446 2447 10
2447 2497 10
2447 2448 6
2448 2498 9
2448 2449 4
2449 2499 4
2450 2451 9
2451 2452 9
2452 2453 3
2453 2454 8
2454 2455 5
2455 2456 2
2456 2457 4
2457 2458 8
2458 2459 8
2459 2460 1
2460 2461 5
2461 2462 3
2462 2463 8
2463 2464 2
2464 2465 4
2465 2466 10
2466 2467 6
2467 2468 10
2468 2469 3
2469 2470 10
2470 2471 2
2471 2472 4
2472 2473 6
2473 2474 4
2474 2475 6
2475 2476 9
2476 2477 9
2477 2478 7
2478 2479 3
2479 2480 9
2480 2481 2
2481 2482 8
2482 2483 6
2483 2484 1
2484 2485 8
2485 2486 6
2486 2487 9
2487 2488 6
2488 2489 2
2489 2490 8
2490 2491 8
2491 2492 8
2492 2493 2
2493 2494 8
2494 2495 1
2495 2496 7
2496 2497 4
2497 2498 3
2498 2499 4
